1,0.983295,0.135241,0.121819,0.922561,-0.369890,0.109829,2.999344,0
1,0.983559,0.133661,0.121436,0.922561,-0.369890,0.109829,3.033780,0
1,0.983737,0.132430,0.121342,0.922561,-0.369890,0.109829,3.066706,0
1,0.983932,0.130644,0.121699,0.922561,-0.369890,0.109829,3.099375,0
1,0.983993,0.129906,0.121994,0.922561,-0.369890,0.109829,3.132937,0
1,0.984016,0.130007,0.121702,0.922561,-0.369890,0.109829,3.166485,0
1,0.984088,0.129354,0.121815,0.922561,-0.369890,0.109829,3.199844,0
1,0.984148,0.129217,0.121472,0.922561,-0.369890,0.109829,3.233060,0
1,0.984213,0.128951,0.121233,0.922561,-0.369890,0.109829,3.266304,0
1,0.984209,0.128185,0.122069,0.922561,-0.369890,0.109829,3.300279,0
1,0.984407,0.124585,0.124187,0.922561,-0.369890,0.109829,3.333442,0
1,0.985475,0.112740,0.126996,0.922561,-0.369890,0.109829,3.366217,0
1,0.987100,0.094840,0.128989,0.922561,-0.369890,0.109829,3.399646,0
1,0.989199,0.066419,0.130664,0.922561,-0.369890,0.109829,3.433344,0
1,0.991072,0.030484,0.129799,0.922561,-0.369890,0.109829,3.466046,0
1,0.991394,-0.017316,0.129760,0.922561,-0.369890,0.109829,3.499594,0
1,0.989786,-0.062426,0.128167,0.922561,-0.369890,0.109829,3.533084,0
1,0.986749,-0.101169,0.126853,0.922561,-0.369890,0.109829,3.566395,0
1,0.982790,-0.136195,0.124800,0.922561,-0.369890,0.109829,3.599789,0
1,0.978097,-0.167666,0.123345,0.922561,-0.369890,0.109829,3.632767,0
1,0.973789,-0.191486,0.122749,0.922561,-0.369890,0.109829,3.665603,0
1,0.969856,-0.209129,0.125080,0.922561,-0.369890,0.109829,3.699236,0
1,0.966154,-0.223328,0.129118,0.922561,-0.369890,0.109829,3.733079,0
1,0.962689,-0.236800,0.130978,0.922561,-0.369890,0.109829,3.766234,0
1,0.960261,-0.245987,0.131871,0.922561,-0.369890,0.109829,3.799279,0
1,0.956164,-0.260549,0.133662,0.922561,-0.369890,0.109829,3.833300,0
1,0.953109,-0.272630,0.131364,0.922561,-0.369890,0.109829,3.866171,0
1,0.950816,-0.282265,0.127576,0.922561,-0.369890,0.109829,3.899934,0
1,0.948315,-0.292030,0.124168,0.922561,-0.369890,0.109829,3.932936,0
1,0.944709,-0.304678,0.121226,0.922561,-0.369890,0.109829,3.966129,0
1,0.941177,-0.317278,0.116275,0.922561,-0.369890,0.109829,3.999243,0
1,0.936908,-0.332133,0.109046,0.922561,-0.369890,0.109829,4.032664,0
1,0.932788,-0.345808,0.101609,0.922561,-0.369890,0.109829,4.066540,0
1,0.929476,-0.357104,0.092469,0.922561,-0.369890,0.109829,4.099368,0
1,0.925905,-0.367049,0.089305,0.922561,-0.369890,0.109829,4.133162,0
1,0.923263,-0.372749,0.092969,0.922561,-0.369890,0.109829,4.166337,0
1,0.921631,-0.375343,0.098564,0.922561,-0.369890,0.109829,4.199704,0
1,0.921794,-0.373906,0.102420,0.922561,-0.369890,0.109829,4.233003,0
1,0.923642,-0.369431,0.102010,0.922561,-0.369890,0.109829,4.266003,0
1,0.923896,-0.368712,0.102314,0.922561,-0.369890,0.109829,4.299221,0
1,0.924271,-0.367488,0.103324,0.922561,-0.369890,0.109829,4.332904,0
1,0.925883,-0.363544,0.102846,0.922561,-0.369890,0.109829,4.366407,0
1,0.927171,-0.359732,0.104628,0.922561,-0.369890,0.109829,4.399664,0
1,0.928563,-0.355423,0.106987,0.922561,-0.369890,0.109829,4.433113,0
1,0.930082,-0.351119,0.107991,0.922561,-0.369890,0.109829,4.466104,0
2,0.993633,0.034179,0.107359,0.874333,0.471294,0.115861,7.763800,0
2,0.993654,0.034018,0.107211,0.874333,0.471294,0.115861,7.798366,0
2,0.993652,0.034197,0.107177,0.874333,0.471294,0.115861,7.831376,0
2,0.993590,0.034282,0.107716,0.874333,0.471294,0.115861,7.864132,0
2,0.993510,0.034372,0.108424,0.874333,0.471294,0.115861,7.897328,0
2,0.993444,0.034411,0.109021,0.874333,0.471294,0.115861,7.930854,0
2,0.993479,0.034055,0.108812,0.874333,0.471294,0.115861,7.963799,0
2,0.993481,0.033559,0.108943,0.874333,0.471294,0.115861,7.996969,0
2,0.993488,0.033310,0.108961,0.874333,0.471294,0.115861,8.030495,0
2,0.993522,0.033330,0.108642,0.874333,0.471294,0.115861,8.063900,0
2,0.992639,0.043889,0.112881,0.874333,0.471294,0.115861,8.096976,0
2,0.989511,0.083694,0.117738,0.874333,0.471294,0.115861,8.130754,0
2,0.985020,0.124389,0.119429,0.874333,0.471294,0.115861,8.164970,0
2,0.981379,0.152962,0.116183,0.874333,0.471294,0.115861,8.197602,0
2,0.976771,0.181777,0.113472,0.874333,0.471294,0.115861,8.230934,0
2,0.972422,0.204522,0.112098,0.874333,0.471294,0.115861,8.263778,0
2,0.967106,0.228484,0.111809,0.874333,0.471294,0.115861,8.296762,0
2,0.960612,0.254051,0.112622,0.874333,0.471294,0.115861,8.330353,0
2,0.950838,0.287014,0.116318,0.874333,0.471294,0.115861,8.363428,0
2,0.940207,0.319608,0.117736,0.874333,0.471294,0.115861,8.396385,0
2,0.933042,0.341322,0.113722,0.874333,0.471294,0.115861,8.430497,0
2,0.926897,0.358894,0.109803,0.874333,0.471294,0.115861,8.463119,0
2,0.922060,0.372139,0.106384,0.874333,0.471294,0.115861,8.496797,0
2,0.918734,0.381394,0.102301,0.874333,0.471294,0.115861,8.530935,0
2,0.916420,0.387286,0.100921,0.874333,0.471294,0.115861,8.564176,0
2,0.912949,0.394756,0.103405,0.874333,0.471294,0.115861,8.597363,0
2,0.907480,0.406582,0.105690,0.874333,0.471294,0.115861,8.630248,0
2,0.904770,0.412879,0.104513,0.874333,0.471294,0.115861,8.663080,0
2,0.903652,0.416451,0.099908,0.874333,0.471294,0.115861,8.696321,0
2,0.902568,0.419831,0.095464,0.874333,0.471294,0.115861,8.729641,0
2,0.901976,0.421375,0.094248,0.874333,0.471294,0.115861,8.762990,0
2,0.901772,0.420993,0.097837,0.874333,0.471294,0.115861,8.796574,0
2,0.898803,0.425778,0.104237,0.874333,0.471294,0.115861,8.830317,0
2,0.893841,0.435067,0.108466,0.874333,0.471294,0.115861,8.863981,0
2,0.886920,0.448125,0.112063,0.874333,0.471294,0.115861,8.896637,0
2,0.881595,0.458426,0.112408,0.874333,0.471294,0.115861,8.930175,0
2,0.877681,0.466105,0.111457,0.874333,0.471294,0.115861,8.964572,0
2,0.874722,0.471586,0.111655,0.874333,0.471294,0.115861,8.996363,0
2,0.873025,0.474607,0.112141,0.874333,0.471294,0.115861,9.029702,0
2,0.870118,0.479213,0.115110,0.874333,0.471294,0.115861,9.062689,0
2,0.868882,0.481245,0.115963,0.874333,0.471294,0.115861,9.095766,0
2,0.867715,0.483409,0.115699,0.874333,0.471294,0.115861,9.128956,0
2,0.867013,0.484729,0.115441,0.874333,0.471294,0.115861,9.165276,0
2,0.866951,0.484774,0.115719,0.874333,0.471294,0.115861,9.194534,0
2,0.866256,0.485765,0.116760,0.874333,0.471294,0.115861,9.228015,0
2,0.866485,0.485367,0.116716,0.874333,0.471294,0.115861,9.261304,0
2,0.866938,0.484202,0.118179,0.874333,0.471294,0.115861,9.294807,0
2,0.866966,0.483671,0.120137,0.874333,0.471294,0.115861,9.328135,0
3,0.992138,0.044776,0.116864,0.988461,-0.114807,0.098811,12.927478,0
3,0.992115,0.044096,0.117318,0.988461,-0.114807,0.098811,12.963116,0
3,0.992042,0.043733,0.118067,0.988461,-0.114807,0.098811,12.993926,0
3,0.992005,0.043537,0.118454,0.988461,-0.114807,0.098811,13.027060,0
3,0.991980,0.043496,0.118673,0.988461,-0.114807,0.098811,13.060053,0
3,0.991958,0.043546,0.118840,0.988461,-0.114807,0.098811,13.093598,0
3,0.991965,0.044037,0.118604,0.988461,-0.114807,0.098811,13.128235,0
3,0.991903,0.044286,0.119028,0.988461,-0.114807,0.098811,13.160500,0
3,0.991939,0.044654,0.118585,0.988461,-0.114807,0.098811,13.194530,0
3,0.991878,0.042572,0.119854,0.988461,-0.114807,0.098811,13.227655,0
3,0.991802,0.031067,0.123950,0.988461,-0.114807,0.098811,13.261146,0
3,0.991861,0.011995,0.126760,0.988461,-0.114807,0.098811,13.294027,0
3,0.991806,-0.004208,0.127685,0.988461,-0.114807,0.098811,13.328435,0
3,0.991632,-0.019698,0.127586,0.988461,-0.114807,0.098811,13.360184,0
3,0.991421,-0.033214,0.126419,0.988461,-0.114807,0.098811,13.393785,0
3,0.991340,-0.043947,0.123749,0.988461,-0.114807,0.098811,13.426974,0
3,0.991494,-0.053598,0.118606,0.988461,-0.114807,0.098811,13.460950,0
3,0.991654,-0.062304,0.112874,0.988461,-0.114807,0.098811,13.494643,0
3,0.991648,-0.068646,0.109186,0.988461,-0.114807,0.098811,13.526831,0
3,0.991750,-0.073101,0.105302,0.988461,-0.114807,0.098811,13.560061,0
3,0.992133,-0.076326,0.099229,0.988461,-0.114807,0.098811,13.594919,0
3,0.992657,-0.076562,0.093653,0.988461,-0.114807,0.098811,13.627048,0
3,0.993035,-0.075557,0.090408,0.988461,-0.114807,0.098811,13.660243,0
3,0.993527,-0.074440,0.085805,0.988461,-0.114807,0.098811,13.695015,0
3,0.994021,-0.072320,0.081807,0.988461,-0.114807,0.098811,13.727247,0
3,0.993992,-0.071778,0.082634,0.988461,-0.114807,0.098811,13.760742,0
3,0.993777,-0.072244,0.084784,0.988461,-0.114807,0.098811,13.793795,0
3,0.993691,-0.073034,0.085109,0.988461,-0.114807,0.098811,13.828238,0
3,0.993657,-0.074137,0.084549,0.988461,-0.114807,0.098811,13.860675,0
3,0.993345,-0.076984,0.085672,0.988461,-0.114807,0.098811,13.895007,0
3,0.993121,-0.079158,0.086278,0.988461,-0.114807,0.098811,13.928342,0
3,0.992890,-0.080945,0.087273,0.988461,-0.114807,0.098811,13.961537,0
3,0.992428,-0.082906,0.090632,0.988461,-0.114807,0.098811,13.994006,0
3,0.992105,-0.084676,0.092510,0.988461,-0.114807,0.098811,14.026650,0
3,0.991927,-0.086242,0.092967,0.988461,-0.114807,0.098811,14.059256,0
4,0.992095,0.083025,0.094103,0.972017,-0.206765,0.111497,17.192225,0
4,0.991910,0.085084,0.094211,0.972017,-0.206765,0.111497,17.226696,0
4,0.991651,0.087690,0.094542,0.972017,-0.206765,0.111497,17.259756,0
4,0.991427,0.090271,0.094467,0.972017,-0.206765,0.111497,17.293028,0
4,0.991161,0.092711,0.094890,0.972017,-0.206765,0.111497,17.326622,0
4,0.990938,0.095170,0.094786,0.972017,-0.206765,0.111497,17.359453,0
4,0.990612,0.098084,0.095226,0.972017,-0.206765,0.111497,17.392891,0
4,0.990393,0.099987,0.095521,0.972017,-0.206765,0.111497,17.426170,0
4,0.990113,0.102009,0.096283,0.972017,-0.206765,0.111497,17.459679,0
4,0.989856,0.103523,0.097301,0.972017,-0.206765,0.111497,17.493050,0
4,0.989941,0.099104,0.100968,0.972017,-0.206765,0.111497,17.526937,0
4,0.991146,0.077969,0.107470,0.972017,-0.206765,0.111497,17.559626,0
4,0.992860,0.050138,0.108233,0.972017,-0.206765,0.111497,17.592825,0
4,0.993748,0.024583,0.108907,0.972017,-0.206765,0.111497,17.625696,0
4,0.993964,-0.006772,0.109499,0.972017,-0.206765,0.111497,17.659416,0
4,0.993081,-0.039995,0.110413,0.972017,-0.206765,0.111497,17.692646,0
4,0.991403,-0.067191,0.112277,0.972017,-0.206765,0.111497,17.726295,0
4,0.989445,-0.090489,0.113179,0.972017,-0.206765,0.111497,17.759085,0
4,0.987297,-0.110028,0.114620,0.972017,-0.206765,0.111497,17.792778,0
4,0.985436,-0.125250,0.115012,0.972017,-0.206765,0.111497,17.825729,0
4,0.984045,-0.136506,0.114112,0.972017,-0.206765,0.111497,17.859434,0
4,0.982194,-0.147476,0.116385,0.972017,-0.206765,0.111497,17.892599,0
4,0.980231,-0.157803,0.119354,0.972017,-0.206765,0.111497,17.925804,0
4,0.978995,-0.164457,0.120507,0.972017,-0.206765,0.111497,17.959627,0
4,0.977787,-0.171481,0.120526,0.972017,-0.206765,0.111497,17.992788,0
4,0.977132,-0.176198,0.119028,0.972017,-0.206765,0.111497,18.025570,0
4,0.976852,-0.179286,0.116692,0.972017,-0.206765,0.111497,18.059326,0
4,0.976339,-0.183322,0.114698,0.972017,-0.206765,0.111497,18.092409,0
4,0.976393,-0.184324,0.112608,0.972017,-0.206765,0.111497,18.126015,0
4,0.976296,-0.186172,0.110391,0.972017,-0.206765,0.111497,18.158953,0
4,0.975397,-0.191569,0.109094,0.972017,-0.206765,0.111497,18.193495,0
4,0.974927,-0.195308,0.106644,0.972017,-0.206765,0.111497,18.225780,0
4,0.974714,-0.198332,0.102943,0.972017,-0.206765,0.111497,18.258600,0
4,0.974426,-0.200408,0.101641,0.972017,-0.206765,0.111497,18.292593,0
4,0.974455,-0.200576,0.101027,0.972017,-0.206765,0.111497,18.325323,0
4,0.974629,-0.200712,0.099061,0.972017,-0.206765,0.111497,18.358397,0
4,0.974982,-0.199104,0.098829,0.972017,-0.206765,0.111497,18.391846,0
4,0.975376,-0.196844,0.099472,0.972017,-0.206765,0.111497,18.425097,0
4,0.975809,-0.194765,0.099319,0.972017,-0.206765,0.111497,18.457983,0
4,0.976356,-0.191978,0.099367,0.972017,-0.206765,0.111497,18.491535,0
4,0.976815,-0.189453,0.099697,0.972017,-0.206765,0.111497,18.524734,0
4,0.977260,-0.187307,0.099392,0.972017,-0.206765,0.111497,18.558535,0
5,0.992805,0.073216,0.094749,0.958253,0.269050,0.096764,21.856295,0
5,0.992804,0.073585,0.094479,0.958253,0.269050,0.096764,21.890923,0
5,0.992794,0.074130,0.094155,0.958253,0.269050,0.096764,21.923828,0
5,0.992748,0.074469,0.094367,0.958253,0.269050,0.096764,21.956865,0
5,0.992716,0.074880,0.094381,0.958253,0.269050,0.096764,21.990561,0
5,0.992684,0.075514,0.094217,0.958253,0.269050,0.096764,22.023567,0
5,0.992606,0.076652,0.094120,0.958253,0.269050,0.096764,22.056845,0
5,0.992453,0.078148,0.094497,0.958253,0.269050,0.096764,22.090117,0
5,0.992130,0.080966,0.095515,0.958253,0.269050,0.096764,22.123915,0
5,0.990990,0.091325,0.097973,0.958253,0.269050,0.096764,22.157398,0
5,0.989302,0.107112,0.099040,0.958253,0.269050,0.096764,22.190489,0
5,0.986601,0.128708,0.100267,0.958253,0.269050,0.096764,22.224346,0
5,0.983259,0.151672,0.100986,0.958253,0.269050,0.096764,22.256693,0
5,0.980052,0.170885,0.101473,0.958253,0.269050,0.096764,22.290506,0
5,0.976439,0.190024,0.102262,0.958253,0.269050,0.096764,22.323488,0
5,0.972129,0.210630,0.102957,0.958253,0.269050,0.096764,22.356781,0
5,0.966013,0.236914,0.103396,0.958253,0.269050,0.096764,22.390478,0
5,0.959725,0.261952,0.101535,0.958253,0.269050,0.096764,22.423182,0
5,0.954733,0.281365,0.096527,0.958253,0.269050,0.096764,22.456476,0
5,0.950529,0.296986,0.091069,0.958253,0.269050,0.096764,22.490225,0
5,0.947455,0.308396,0.084972,0.958253,0.269050,0.096764,22.523191,0
5,0.945802,0.314535,0.080792,0.958253,0.269050,0.096764,22.556768,0
5,0.944168,0.319364,0.080951,0.958253,0.269050,0.096764,22.589931,0
5,0.944384,0.318926,0.080157,0.958253,0.269050,0.096764,22.623175,0
5,0.945156,0.316812,0.079439,0.958253,0.269050,0.096764,22.656488,0
5,0.946702,0.312287,0.078943,0.958253,0.269050,0.096764,22.690010,0
5,0.949285,0.304595,0.077978,0.958253,0.269050,0.096764,22.723274,0
5,0.951887,0.296009,0.079310,0.958253,0.269050,0.096764,22.756351,0
5,0.954876,0.286005,0.080080,0.958253,0.269050,0.096764,22.789780,0
5,0.957010,0.278093,0.082443,0.958253,0.269050,0.096764,22.823763,0
5,0.958788,0.271173,0.084802,0.958253,0.269050,0.096764,22.856333,0
5,0.960312,0.265497,0.085517,0.958253,0.269050,0.096764,22.890572,0
5,0.960638,0.263805,0.087073,0.958253,0.269050,0.096764,22.924116,0
5,0.960848,0.262137,0.089748,0.958253,0.269050,0.096764,22.956007,0
5,0.961044,0.261353,0.089940,0.958253,0.269050,0.096764,22.989910,0
5,0.960604,0.262708,0.090690,0.958253,0.269050,0.096764,23.023083,0
5,0.960280,0.263610,0.091503,0.958253,0.269050,0.096764,23.056351,0
5,0.959776,0.265285,0.091939,0.958253,0.269050,0.096764,23.090357,0
5,0.958947,0.268201,0.092134,0.958253,0.269050,0.096764,23.123873,0
5,0.958681,0.269008,0.092554,0.958253,0.269050,0.096764,23.156597,0
5,0.958595,0.269215,0.092839,0.958253,0.269050,0.096764,23.189564,0
5,0.958577,0.268703,0.094495,0.958253,0.269050,0.096764,23.223110,0
5,0.958631,0.267992,0.095955,0.958253,0.269050,0.096764,23.256075,0
6,0.996930,0.003266,0.078224,0.978911,-0.170293,0.112840,26.454815,0
6,0.996896,0.003459,0.078648,0.978911,-0.170293,0.112840,26.488689,0
6,0.996862,0.003924,0.079065,0.978911,-0.170293,0.112840,26.521753,0
6,0.996888,0.003982,0.078729,0.978911,-0.170293,0.112840,26.555429,0
6,0.996897,0.003674,0.078631,0.978911,-0.170293,0.112840,26.588190,0
6,0.996884,0.002988,0.078829,0.978911,-0.170293,0.112840,26.622257,0
6,0.996893,0.002532,0.078723,0.978911,-0.170293,0.112840,26.655001,0
6,0.996893,0.002237,0.078737,0.978911,-0.170293,0.112840,26.688019,0
6,0.996887,0.001704,0.078826,0.978911,-0.170293,0.112840,26.722157,0
6,0.996867,0.001014,0.079089,0.978911,-0.170293,0.112840,26.754879,0
6,0.996652,-0.004614,0.081629,0.978911,-0.170293,0.112840,26.788141,0
6,0.996279,-0.019176,0.084026,0.978911,-0.170293,0.112840,26.822132,0
6,0.995805,-0.034459,0.084769,0.978911,-0.170293,0.112840,26.854603,0
6,0.995060,-0.048437,0.086655,0.978911,-0.170293,0.112840,26.889484,0
6,0.993781,-0.064546,0.090732,0.978911,-0.170293,0.112840,26.921743,0
6,0.992504,-0.079029,0.093216,0.978911,-0.170293,0.112840,26.955338,0
6,0.991215,-0.089539,0.097340,0.978911,-0.170293,0.112840,26.987717,0
6,0.990063,-0.098325,0.100533,0.978911,-0.170293,0.112840,27.021170,0
6,0.989291,-0.105801,0.100549,0.978911,-0.170293,0.112840,27.054062,0
6,0.988628,-0.113165,0.099035,0.978911,-0.170293,0.112840,27.087294,0
6,0.988189,-0.119158,0.096351,0.978911,-0.170293,0.112840,27.121088,0
6,0.987522,-0.124940,0.095862,0.978911,-0.170293,0.112840,27.154259,0
6,0.986359,-0.131812,0.098596,0.978911,-0.170293,0.112840,27.187382,0
6,0.984974,-0.139441,0.101891,0.978911,-0.170293,0.112840,27.220936,0
6,0.983860,-0.146391,0.102902,0.978911,-0.170293,0.112840,27.254196,0
6,0.982961,-0.152783,0.102202,0.978911,-0.170293,0.112840,27.287342,0
6,0.981966,-0.159779,0.101064,0.978911,-0.170293,0.112840,27.321316,0
6,0.980950,-0.166751,0.099654,0.978911,-0.170293,0.112840,27.353924,0
6,0.979565,-0.173815,0.101193,0.978911,-0.170293,0.112840,27.387156,0
6,0.978201,-0.180097,0.103382,0.978911,-0.170293,0.112840,27.421001,0
6,0.977110,-0.184139,0.106535,0.978911,-0.170293,0.112840,27.453592,0
6,0.976562,-0.186004,0.108299,0.978911,-0.170293,0.112840,27.487324,0
6,0.976721,-0.185378,0.107935,0.978911,-0.170293,0.112840,27.521296,0
6,0.977149,-0.182730,0.108580,0.978911,-0.170293,0.112840,27.554142,0
6,0.977870,-0.179007,0.108287,0.978911,-0.170293,0.112840,27.587229,0
6,0.978435,-0.175637,0.108704,0.978911,-0.170293,0.112840,27.620615,0
6,0.978995,-0.171739,0.109883,0.978911,-0.170293,0.112840,27.653238,0
6,0.979871,-0.166710,0.109817,0.978911,-0.170293,0.112840,27.687366,0
6,0.980653,-0.161824,0.110146,0.978911,-0.170293,0.112840,27.721169,0
7,0.989012,0.075624,0.127026,0.989847,0.089422,0.110482,31.052576,0
7,0.989044,0.074127,0.127661,0.989847,0.089422,0.110482,31.086889,0
7,0.988962,0.074124,0.128295,0.989847,0.089422,0.110482,31.119127,0
7,0.988918,0.073611,0.128930,0.989847,0.089422,0.110482,31.152582,0
7,0.988987,0.072366,0.129107,0.989847,0.089422,0.110482,31.186369,0
7,0.989057,0.071050,0.129300,0.989847,0.089422,0.110482,31.219450,0
7,0.989198,0.069202,0.129223,0.989847,0.089422,0.110482,31.252874,0
7,0.989498,0.066676,0.128250,0.989847,0.089422,0.110482,31.285889,0
7,0.989922,0.062140,0.127250,0.989847,0.089422,0.110482,31.318869,0
7,0.990548,0.055176,0.125579,0.989847,0.089422,0.110482,31.352369,0
7,0.991174,0.048481,0.123381,0.989847,0.089422,0.110482,31.385456,0
7,0.991732,0.045239,0.120085,0.989847,0.089422,0.110482,31.419052,0
7,0.991660,0.053402,0.117296,0.989847,0.089422,0.110482,31.452677,0
7,0.990878,0.069093,0.115701,0.989847,0.089422,0.110482,31.485428,0
7,0.989865,0.083765,0.114677,0.989847,0.089422,0.110482,31.518789,0
7,0.989029,0.095708,0.112526,0.989847,0.089422,0.110482,31.552530,0
7,0.988706,0.103073,0.108800,0.989847,0.089422,0.110482,31.585758,0
7,0.988800,0.105632,0.105432,0.989847,0.089422,0.110482,31.618874,0
7,0.989101,0.104917,0.103299,0.989847,0.089422,0.110482,31.652351,0
7,0.989450,0.102559,0.102326,0.989847,0.089422,0.110482,31.685925,0
7,0.989620,0.100684,0.102538,0.989847,0.089422,0.110482,31.719128,0
7,0.989870,0.100276,0.100509,0.989847,0.089422,0.110482,31.752813,0
7,0.990085,0.100763,0.097870,0.989847,0.089422,0.110482,31.786379,0
7,0.990068,0.102501,0.096227,0.989847,0.089422,0.110482,31.819246,0
7,0.990014,0.103243,0.095986,0.989847,0.089422,0.110482,31.852629,0
7,0.990027,0.102482,0.096659,0.989847,0.089422,0.110482,31.885836,0
7,0.989964,0.101252,0.098586,0.989847,0.089422,0.110482,31.918772,0
7,0.989928,0.100201,0.100013,0.989847,0.089422,0.110482,31.952444,0
7,0.989540,0.101647,0.102367,0.989847,0.089422,0.110482,31.985571,0
7,0.989021,0.105057,0.103930,0.989847,0.089422,0.110482,32.018497,0
8,0.993983,-0.013869,0.108650,0.969547,0.221840,0.103755,35.582882,0
8,0.993923,-0.013742,0.109219,0.969547,0.221840,0.103755,35.616909,0
8,0.994006,-0.013742,0.108454,0.969547,0.221840,0.103755,35.649544,0
8,0.994080,-0.013867,0.107766,0.969547,0.221840,0.103755,35.683140,0
8,0.993990,-0.014249,0.108537,0.969547,0.221840,0.103755,35.715794,0
8,0.993975,-0.014385,0.108657,0.969547,0.221840,0.103755,35.749763,0
8,0.993999,-0.015441,0.108297,0.969547,0.221840,0.103755,35.782936,0
8,0.994001,-0.016095,0.108179,0.969547,0.221840,0.103755,35.816753,0
8,0.993931,-0.016588,0.108746,0.969547,0.221840,0.103755,35.849598,0
8,0.993952,-0.016160,0.108620,0.969547,0.221840,0.103755,35.883347,0
8,0.993998,-0.012978,0.108626,0.969547,0.221840,0.103755,35.916691,0
8,0.993907,0.007311,0.109982,0.969547,0.221840,0.103755,35.950207,0
8,0.992917,0.038460,0.112411,0.969547,0.221840,0.103755,35.982685,0
8,0.991682,0.063584,0.111907,0.969547,0.221840,0.103755,36.016270,0
8,0.990224,0.085861,0.109933,0.969547,0.221840,0.103755,36.050251,0
8,0.987929,0.109997,0.109078,0.969547,0.221840,0.103755,36.082016,0
8,0.985731,0.129620,0.107391,0.969547,0.221840,0.103755,36.115444,0
8,0.983377,0.148093,0.105061,0.969547,0.221840,0.103755,36.148914,0
8,0.980692,0.165730,0.103809,0.969547,0.221840,0.103755,36.182098,0
8,0.978727,0.177737,0.102479,0.969547,0.221840,0.103755,36.215584,0
8,0.977337,0.186397,0.100343,0.969547,0.221840,0.103755,36.249470,0
8,0.976145,0.193087,0.099286,0.969547,0.221840,0.103755,36.282970,0
8,0.975689,0.195566,0.098919,0.969547,0.221840,0.103755,36.315102,0
8,0.975103,0.198336,0.099176,0.969547,0.221840,0.103755,36.348534,0
8,0.974430,0.201290,0.099841,0.969547,0.221840,0.103755,36.382286,0
8,0.974093,0.202467,0.100746,0.969547,0.221840,0.103755,36.415913,0
8,0.973698,0.203564,0.102338,0.969547,0.221840,0.103755,36.449318,0
8,0.972325,0.209078,0.104264,0.969547,0.221840,0.103755,36.483192,0
8,0.971017,0.214818,0.104778,0.969547,0.221840,0.103755,36.515854,0
8,0.969643,0.220824,0.105017,0.969547,0.221840,0.103755,36.550213,0
8,0.967908,0.227805,0.106113,0.969547,0.221840,0.103755,36.583096,0
8,0.965374,0.237739,0.107391,0.969547,0.221840,0.103755,36.615875,0
8,0.962676,0.247941,0.108540,0.969547,0.221840,0.103755,36.649300,0
8,0.960844,0.254372,0.109882,0.969547,0.221840,0.103755,36.682636,0
8,0.958858,0.261470,0.110569,0.969547,0.221840,0.103755,36.715748,0
8,0.957501,0.266365,0.110643,0.969547,0.221840,0.103755,36.749325,0
8,0.956706,0.269191,0.110675,0.969547,0.221840,0.103755,36.782742,0
8,0.956460,0.270092,0.110607,0.969547,0.221840,0.103755,36.816059,0
8,0.956624,0.269537,0.110545,0.969547,0.221840,0.103755,36.849300,0
9,0.992680,0.044372,0.112324,0.876483,-0.458719,0.146130,39.950047,0
9,0.992383,0.046796,0.113957,0.876483,-0.458719,0.146130,39.981930,0
9,0.992069,0.049117,0.115699,0.876483,-0.458719,0.146130,40.015251,0
9,0.991723,0.051963,0.117408,0.876483,-0.458719,0.146130,40.047604,0
9,0.991281,0.054985,0.119747,0.876483,-0.458719,0.146130,40.080994,0
9,0.990893,0.057632,0.121696,0.876483,-0.458719,0.146130,40.115200,0
9,0.990689,0.060796,0.121821,0.876483,-0.458719,0.146130,40.147671,0
9,0.990390,0.063646,0.122786,0.876483,-0.458719,0.146130,40.181019,0
9,0.990148,0.065383,0.123820,0.876483,-0.458719,0.146130,40.214775,0
9,0.990050,0.066037,0.124255,0.876483,-0.458719,0.146130,40.247410,0
9,0.990214,0.047680,0.131160,0.876483,-0.458719,0.146130,40.280743,0
9,0.990527,0.002511,0.137294,0.876483,-0.458719,0.146130,40.313610,0
9,0.989395,-0.040121,0.139596,0.876483,-0.458719,0.146130,40.347523,0
9,0.987343,-0.074307,0.140116,0.876483,-0.458719,0.146130,40.381046,0
9,0.982630,-0.119505,0.141976,0.876483,-0.458719,0.146130,40.415276,0
9,0.976625,-0.161726,0.141595,0.876483,-0.458719,0.146130,40.447807,0
9,0.970334,-0.194852,0.143124,0.876483,-0.458719,0.146130,40.480827,0
9,0.963923,-0.222725,0.145762,0.876483,-0.458719,0.146130,40.514008,0
9,0.957788,-0.245472,0.149616,0.876483,-0.458719,0.146130,40.547497,0
9,0.952349,-0.265088,0.150861,0.876483,-0.458719,0.146130,40.581036,0
9,0.948455,-0.279415,0.149535,0.876483,-0.458719,0.146130,40.614182,0
9,0.943919,-0.295081,0.148135,0.876483,-0.458719,0.146130,40.647236,0
9,0.939074,-0.311276,0.145768,0.876483,-0.458719,0.146130,40.680359,0
9,0.932827,-0.330258,0.144093,0.876483,-0.458719,0.146130,40.713749,0
9,0.926508,-0.348049,0.142985,0.876483,-0.458719,0.146130,40.747349,0
9,0.917571,-0.370443,0.144348,0.876483,-0.458719,0.146130,40.780407,0
9,0.908630,-0.392284,0.143193,0.876483,-0.458719,0.146130,40.813679,0
9,0.900368,-0.411570,0.141236,0.876483,-0.458719,0.146130,40.847122,0
9,0.891528,-0.431878,0.136600,0.876483,-0.458719,0.146130,40.880974,0
9,0.884440,-0.448002,0.130617,0.876483,-0.458719,0.146130,40.913570,0
9,0.877332,-0.462761,0.127050,0.876483,-0.458719,0.146130,40.947990,0
9,0.872249,-0.472062,0.127826,0.876483,-0.458719,0.146130,40.980850,0
9,0.867903,-0.478890,0.131938,0.876483,-0.458719,0.146130,41.014019,0
9,0.865872,-0.482056,0.133742,0.876483,-0.458719,0.146130,41.047394,0
9,0.865886,-0.481592,0.135320,0.876483,-0.458719,0.146130,41.081036,0
9,0.866887,-0.479967,0.134679,0.876483,-0.458719,0.146130,41.114437,0
9,0.869424,-0.475376,0.134612,0.876483,-0.458719,0.146130,41.147263,0
9,0.871074,-0.471729,0.136757,0.876483,-0.458719,0.146130,41.180847,0
9,0.873278,-0.467635,0.136758,0.876483,-0.458719,0.146130,41.213703,0
9,0.875049,-0.463538,0.139358,0.876483,-0.458719,0.146130,41.246811,0
9,0.876600,-0.459201,0.143897,0.876483,-0.458719,0.146130,41.281097,0
9,0.879524,-0.453174,0.145159,0.876483,-0.458719,0.146130,41.313786,0
9,0.882227,-0.447889,0.145160,0.876483,-0.458719,0.146130,41.347046,0
10,0.991305,0.061186,0.116492,0.980949,0.121454,0.151617,44.646660,0
10,0.991231,0.062083,0.116645,0.980949,0.121454,0.151617,44.680344,0
10,0.990896,0.066254,0.117198,0.980949,0.121454,0.151617,44.713558,0
10,0.990576,0.070016,0.117717,0.980949,0.121454,0.151617,44.746689,0
10,0.990227,0.073654,0.118430,0.980949,0.121454,0.151617,44.780510,0
10,0.989785,0.078562,0.118969,0.980949,0.121454,0.151617,44.813152,0
10,0.989430,0.082631,0.119163,0.980949,0.121454,0.151617,44.846039,0
10,0.989070,0.086409,0.119474,0.980949,0.121454,0.151617,44.879372,0
10,0.988734,0.089315,0.120114,0.980949,0.121454,0.151617,44.912495,0
10,0.988537,0.090657,0.120734,0.980949,0.121454,0.151617,44.945751,0
10,0.988467,0.087649,0.123491,0.980949,0.121454,0.151617,44.979050,0
10,0.988172,0.077642,0.132241,0.980949,0.121454,0.151617,45.013218,0
10,0.987149,0.072550,0.142382,0.980949,0.121454,0.151617,45.046288,0
10,0.985969,0.076094,0.148574,0.980949,0.121454,0.151617,45.079681,0
10,0.984697,0.084334,0.152513,0.980949,0.121454,0.151617,45.113213,0
10,0.983232,0.097024,0.154406,0.980949,0.121454,0.151617,45.146042,0
10,0.981933,0.108851,0.154788,0.980949,0.121454,0.151617,45.180130,0
10,0.980758,0.117224,0.156117,0.980949,0.121454,0.151617,45.212650,0
10,0.979897,0.124274,0.156071,0.980949,0.121454,0.151617,45.245796,0
10,0.979674,0.128184,0.154296,0.980949,0.121454,0.151617,45.278858,0
10,0.979274,0.133008,0.152743,0.980949,0.121454,0.151617,45.312031,0
10,0.979050,0.137452,0.150229,0.980949,0.121454,0.151617,45.345276,0
10,0.979047,0.140346,0.147545,0.980949,0.121454,0.151617,45.378765,0
10,0.978981,0.142108,0.146291,0.980949,0.121454,0.151617,45.412422,0
10,0.979097,0.143110,0.144532,0.980949,0.121454,0.151617,45.446625,0
10,0.979208,0.143881,0.143006,0.980949,0.121454,0.151617,45.479603,0
10,0.979103,0.144580,0.143015,0.980949,0.121454,0.151617,45.512604,0
10,0.978891,0.145933,0.143093,0.980949,0.121454,0.151617,45.545822,0
