1,0.962822,-0.203656,0.177477,0.897557,0.424632,0.118660,2.954483,0
1,0.962791,-0.202837,0.178582,0.897557,0.424632,0.118660,2.987308,0
1,0.962651,-0.202822,0.179351,0.897557,0.424632,0.118660,3.010950,0
1,0.962518,-0.202546,0.180370,0.897557,0.424632,0.118660,3.031632,0
1,0.962322,-0.202840,0.181087,0.897557,0.424632,0.118660,3.053664,0
1,0.962330,-0.202566,0.181351,0.897557,0.424632,0.118660,3.076569,0
1,0.962292,-0.202354,0.181791,0.897557,0.424632,0.118660,3.099012,0
1,0.962361,-0.202340,0.181439,0.897557,0.424632,0.118660,3.121101,0
1,0.962357,-0.202580,0.181190,0.897557,0.424632,0.118660,3.143239,0
1,0.962299,-0.202911,0.181129,0.897557,0.424632,0.118660,3.165459,0
1,0.962276,-0.203246,0.180873,0.897557,0.424632,0.118660,3.186980,0
1,0.962193,-0.203767,0.180728,0.897557,0.424632,0.118660,3.208752,0
1,0.962252,-0.203658,0.180538,0.897557,0.424632,0.118660,3.231442,0
1,0.962296,-0.203545,0.180434,0.897557,0.424632,0.118660,3.254507,0
1,0.962590,-0.201879,0.180738,0.897557,0.424632,0.118660,3.275943,0
1,0.963327,-0.198356,0.180709,0.897557,0.424632,0.118660,3.298865,0
1,0.964255,-0.193990,0.180498,0.897557,0.424632,0.118660,3.320760,0
1,0.965799,-0.186827,0.179797,0.897557,0.424632,0.118660,3.343740,0
1,0.967786,-0.176364,0.179681,0.897557,0.424632,0.118660,3.365604,0
1,0.969969,-0.163727,0.179873,0.897557,0.424632,0.118660,3.388522,0
1,0.973069,-0.142849,0.180915,0.897557,0.424632,0.118660,3.410361,0
1,0.975886,-0.120376,0.182089,0.897557,0.424632,0.118660,3.432659,0
1,0.977736,-0.099193,0.184916,0.897557,0.424632,0.118660,3.454796,0
1,0.978162,-0.077499,0.192853,0.897557,0.424632,0.118660,3.476566,0
1,0.977667,-0.053949,0.203118,0.897557,0.424632,0.118660,3.497673,0
1,0.976820,-0.033538,0.211418,0.897557,0.424632,0.118660,3.519411,0
1,0.975378,-0.017441,0.219847,0.897557,0.424632,0.118660,3.552986,0
1,0.972609,0.002589,0.232431,0.897557,0.424632,0.118660,3.585624,0
1,0.969876,0.020763,0.242714,0.897557,0.424632,0.118660,3.619065,0
1,0.967314,0.032407,0.251504,0.897557,0.424632,0.118660,3.652497,0
1,0.963525,0.045264,0.263762,0.897557,0.424632,0.118660,3.686626,0
1,0.959704,0.059762,0.274586,0.897557,0.424632,0.118660,3.718759,0
1,0.957266,0.076179,0.278997,0.897557,0.424632,0.118660,3.752367,0
1,0.955404,0.093834,0.279998,0.897557,0.424632,0.118660,3.785409,0
1,0.953145,0.111755,0.281115,0.897557,0.424632,0.118660,3.818752,0
1,0.951548,0.128592,0.279322,0.897557,0.424632,0.118660,3.851933,0
1,0.950481,0.140929,0.276992,0.897557,0.424632,0.118660,3.886109,0
1,0.949156,0.150076,0.276732,0.897557,0.424632,0.118660,3.919322,0
1,0.947989,0.156207,0.277338,0.897557,0.424632,0.118660,3.952425,0
1,0.946602,0.160755,0.279467,0.897557,0.424632,0.118660,3.985662,0
1,0.945429,0.166220,0.280241,0.897557,0.424632,0.118660,4.018548,0
1,0.944397,0.171516,0.280531,0.897557,0.424632,0.118660,4.052056,0
1,0.942604,0.179796,0.281375,0.897557,0.424632,0.118660,4.085251,0
1,0.941354,0.187288,0.280669,0.897557,0.424632,0.118660,4.118631,0
1,0.939649,0.195176,0.281009,0.897557,0.424632,0.118660,4.151760,0
1,0.938391,0.200952,0.281140,0.897557,0.424632,0.118660,4.185243,0
1,0.937563,0.205167,0.280861,0.897557,0.424632,0.118660,4.218141,0
1,0.937149,0.208222,0.279991,0.897557,0.424632,0.118660,4.251878,0
1,0.936219,0.211564,0.280597,0.897557,0.424632,0.118660,4.285982,0
1,0.935153,0.215325,0.281291,0.897557,0.424632,0.118660,4.307498,0
1,0.934389,0.218403,0.281456,0.897557,0.424632,0.118660,4.330048,0
1,0.933510,0.221541,0.281921,0.897557,0.424632,0.118660,4.352502,0
1,0.932254,0.224670,0.283596,0.897557,0.424632,0.118660,4.374678,0
1,0.930821,0.228069,0.285580,0.897557,0.424632,0.118660,4.396301,0
1,0.929688,0.232097,0.286027,0.897557,0.424632,0.118660,4.418417,0
1,0.928474,0.236174,0.286631,0.897557,0.424632,0.118660,4.440914,0
1,0.927035,0.240800,0.287439,0.897557,0.424632,0.118660,4.463521,0
1,0.925242,0.246050,0.288766,0.897557,0.424632,0.118660,4.485846,0
1,0.923718,0.250879,0.289491,0.897557,0.424632,0.118660,4.508250,0
1,0.922297,0.255672,0.289828,0.897557,0.424632,0.118660,4.531133,0
1,0.920603,0.260773,0.290668,0.897557,0.424632,0.118660,4.554030,0
1,0.918626,0.265861,0.292309,0.897557,0.424632,0.118660,4.575527,0
1,0.917064,0.270073,0.293350,0.897557,0.424632,0.118660,4.597757,0
1,0.915916,0.273252,0.293993,0.897557,0.424632,0.118660,4.619740,0
1,0.914922,0.276788,0.293779,0.897557,0.424632,0.118660,4.642130,0
1,0.913926,0.280505,0.293354,0.897557,0.424632,0.118660,4.664806,0
1,0.913201,0.283737,0.292502,0.897557,0.424632,0.118660,4.686672,0
1,0.912719,0.285818,0.291978,0.897557,0.424632,0.118660,4.708775,0
1,0.912423,0.287821,0.290935,0.897557,0.424632,0.118660,4.731984,0
1,0.912475,0.289180,0.289420,0.897557,0.424632,0.118660,4.753860,0
1,0.912393,0.289594,0.289266,0.897557,0.424632,0.118660,4.776606,0
1,0.911906,0.290250,0.290141,0.897557,0.424632,0.118660,4.797333,0
1,0.911719,0.290446,0.290534,0.897557,0.424632,0.118660,4.819681,0
1,0.911554,0.290379,0.291117,0.897557,0.424632,0.118660,4.841937,0
1,0.910836,0.291388,0.292356,0.897557,0.424632,0.118660,4.864599,0
1,0.910005,0.292567,0.293762,0.897557,0.424632,0.118660,4.886213,0
1,0.909580,0.293204,0.294442,0.897557,0.424632,0.118660,4.908082,0
1,0.909316,0.294007,0.294454,0.897557,0.424632,0.118660,4.930997,0
1,0.908735,0.295877,0.294378,0.897557,0.424632,0.118660,4.952912,0
1,0.907920,0.297769,0.294984,0.897557,0.424632,0.118660,4.975017,0
1,0.906633,0.300862,0.295802,0.897557,0.424632,0.118660,4.996910,0
1,0.905098,0.304492,0.296786,0.897557,0.424632,0.118660,5.018900,0
1,0.904143,0.307169,0.296939,0.897557,0.424632,0.118660,5.041560,0
1,0.902910,0.310783,0.296931,0.897557,0.424632,0.118660,5.064151,0
1,0.901372,0.314808,0.297364,0.897557,0.424632,0.118660,5.085735,0
1,0.899893,0.318588,0.297816,0.897557,0.424632,0.118660,5.108079,0
1,0.898590,0.322103,0.297968,0.897557,0.424632,0.118660,5.130265,0
1,0.897666,0.324834,0.297790,0.897557,0.424632,0.118660,5.153097,0
1,0.896865,0.327016,0.297816,0.897557,0.424632,0.118660,5.175428,0
1,0.896149,0.329012,0.297773,0.897557,0.424632,0.118660,5.197385,0
1,0.896047,0.330193,0.296768,0.897557,0.424632,0.118660,5.220055,0
1,0.896433,0.330790,0.294933,0.897557,0.424632,0.118660,5.242513,0
1,0.896790,0.331538,0.293001,0.897557,0.424632,0.118660,5.264005,0
2,0.971665,0.105473,0.211523,0.982126,-0.123129,0.142366,8.728794,0
2,0.971695,0.104169,0.212032,0.982126,-0.123129,0.142366,8.763427,0
2,0.971651,0.103038,0.212787,0.982126,-0.123129,0.142366,8.795884,0
2,0.971490,0.101115,0.214437,0.982126,-0.123129,0.142366,8.828998,0
2,0.971309,0.099237,0.216126,0.982126,-0.123129,0.142366,8.862268,0
2,0.971757,0.097796,0.214766,0.982126,-0.123129,0.142366,8.895843,0
2,0.972264,0.096294,0.213141,0.982126,-0.123129,0.142366,8.929423,0
2,0.972850,0.094902,0.211083,0.982126,-0.123129,0.142366,8.963222,0
2,0.973962,0.092566,0.206951,0.982126,-0.123129,0.142366,8.996429,0
2,0.976134,0.089711,0.197775,0.982126,-0.123129,0.142366,9.029427,0
2,0.976568,0.087837,0.196467,0.982126,-0.123129,0.142366,9.051547,0
2,0.977247,0.087004,0.193440,0.982126,-0.123129,0.142366,9.073975,0
2,0.978442,0.085546,0.187974,0.982126,-0.123129,0.142366,9.095626,0
2,0.978912,0.083505,0.186435,0.982126,-0.123129,0.142366,9.118146,0
2,0.978889,0.080478,0.187881,0.982126,-0.123129,0.142366,9.140537,0
2,0.978859,0.077052,0.189470,0.982126,-0.123129,0.142366,9.163761,0
2,0.979202,0.072394,0.189533,0.982126,-0.123129,0.142366,9.186222,0
2,0.979563,0.065981,0.190007,0.982126,-0.123129,0.142366,9.207733,0
2,0.979816,0.058140,0.191260,0.982126,-0.123129,0.142366,9.230074,0
2,0.980218,0.045411,0.192641,0.982126,-0.123129,0.142366,9.262657,0
2,0.980932,0.029360,0.192119,0.982126,-0.123129,0.142366,9.295075,0
2,0.981490,0.011285,0.191179,0.982126,-0.123129,0.142366,9.327934,0
2,0.981836,-0.007283,0.189592,0.982126,-0.123129,0.142366,9.362751,0
2,0.981559,-0.025445,0.189460,0.982126,-0.123129,0.142366,9.395906,0
2,0.980772,-0.043858,0.190166,0.982126,-0.123129,0.142366,9.428737,0
2,0.979424,-0.062319,0.191950,0.982126,-0.123129,0.142366,9.462090,0
2,0.977969,-0.080492,0.192606,0.982126,-0.123129,0.142366,9.496799,0
2,0.976525,-0.097032,0.192312,0.982126,-0.123129,0.142366,9.529562,0
2,0.974642,-0.113325,0.192951,0.982126,-0.123129,0.142366,9.562827,0
2,0.972902,-0.129029,0.191868,0.982126,-0.123129,0.142366,9.595269,0
2,0.970779,-0.144263,0.191772,0.982126,-0.123129,0.142366,9.628149,0
2,0.968419,-0.158533,0.192435,0.982126,-0.123129,0.142366,9.661417,0
2,0.965997,-0.172071,0.192982,0.982126,-0.123129,0.142366,9.694510,0
2,0.963230,-0.185362,0.194494,0.982126,-0.123129,0.142366,9.729156,0
2,0.960610,-0.196878,0.196132,0.982126,-0.123129,0.142366,9.761444,0
2,0.958267,-0.207242,0.196912,0.982126,-0.123129,0.142366,9.794535,0
2,0.955894,-0.216327,0.198669,0.982126,-0.123129,0.142366,9.827446,0
2,0.953896,-0.224115,0.199637,0.982126,-0.123129,0.142366,9.861171,0
2,0.952102,-0.231127,0.200207,0.982126,-0.123129,0.142366,9.894303,0
2,0.950191,-0.238060,0.201160,0.982126,-0.123129,0.142366,9.927230,0
2,0.948423,-0.244327,0.201986,0.982126,-0.123129,0.142366,9.961524,0
2,0.946445,-0.251121,0.202929,0.982126,-0.123129,0.142366,9.994319,0
2,0.944148,-0.257182,0.206015,0.982126,-0.123129,0.142366,10.027366,0
2,0.941243,-0.262365,0.212665,0.982126,-0.123129,0.142366,10.060829,0
2,0.938686,-0.267337,0.217715,0.982126,-0.123129,0.142366,10.094458,0
2,0.935534,-0.271682,0.225753,0.982126,-0.123129,0.142366,10.127499,0
2,0.930833,-0.274361,0.241403,0.982126,-0.123129,0.142366,10.160803,0
2,0.926419,-0.275229,0.256898,0.982126,-0.123129,0.142366,10.194383,0
2,0.922372,-0.275426,0.270869,0.982126,-0.123129,0.142366,10.227664,0
2,0.918551,-0.274631,0.284329,0.982126,-0.123129,0.142366,10.260764,0
2,0.915782,-0.273167,0.294487,0.982126,-0.123129,0.142366,10.293872,0
2,0.913669,-0.272081,0.301963,0.982126,-0.123129,0.142366,10.327290,0
2,0.912433,-0.270490,0.307084,0.982126,-0.123129,0.142366,10.360683,0
2,0.912133,-0.270418,0.308038,0.982126,-0.123129,0.142366,10.393899,0
2,0.912327,-0.269220,0.308512,0.982126,-0.123129,0.142366,10.427529,0
3,0.936043,-0.218765,0.275619,0.876418,-0.461958,0.135965,13.493551,0
3,0.936127,-0.219096,0.275071,0.876418,-0.461958,0.135965,13.516750,0
3,0.936078,-0.219676,0.274773,0.876418,-0.461958,0.135965,13.538118,0
3,0.935842,-0.220351,0.275038,0.876418,-0.461958,0.135965,13.560714,0
3,0.935791,-0.220170,0.275355,0.876418,-0.461958,0.135965,13.583993,0
3,0.935817,-0.219716,0.275630,0.876418,-0.461958,0.135965,13.604416,0
3,0.935991,-0.219071,0.275553,0.876418,-0.461958,0.135965,13.626434,0
3,0.936363,-0.218288,0.274908,0.876418,-0.461958,0.135965,13.648301,0
3,0.936891,-0.217834,0.273467,0.876418,-0.461958,0.135965,13.670306,0
3,0.937299,-0.217582,0.272265,0.876418,-0.461958,0.135965,13.692941,0
3,0.937451,-0.217462,0.271838,0.876418,-0.461958,0.135965,13.715361,0
3,0.937365,-0.217096,0.272427,0.876418,-0.461958,0.135965,13.736737,0
3,0.937227,-0.216561,0.273324,0.876418,-0.461958,0.135965,13.760204,0
3,0.937244,-0.216037,0.273681,0.876418,-0.461958,0.135965,13.782313,0
3,0.937514,-0.215291,0.273344,0.876418,-0.461958,0.135965,13.803925,0
3,0.937695,-0.214769,0.273135,0.876418,-0.461958,0.135965,13.825768,0
3,0.937551,-0.214967,0.273472,0.876418,-0.461958,0.135965,13.848045,0
3,0.937084,-0.215856,0.274372,0.876418,-0.461958,0.135965,13.870295,0
3,0.936190,-0.218535,0.275301,0.876418,-0.461958,0.135965,13.892708,0
3,0.935350,-0.223037,0.274545,0.876418,-0.461958,0.135965,13.914995,0
3,0.933932,-0.230548,0.273165,0.876418,-0.461958,0.135965,13.936853,0
3,0.931403,-0.242277,0.271642,0.876418,-0.461958,0.135965,13.959374,0
3,0.927915,-0.256221,0.270786,0.876418,-0.461958,0.135965,13.981614,0
3,0.923844,-0.270700,0.270617,0.876418,-0.461958,0.135965,14.004555,0
3,0.918921,-0.286709,0.270891,0.876418,-0.461958,0.135965,14.029100,0
3,0.913231,-0.303683,0.271634,0.876418,-0.461958,0.135965,14.049093,0
3,0.907486,-0.320351,0.271744,0.876418,-0.461958,0.135965,14.069942,0
3,0.901977,-0.335720,0.271533,0.876418,-0.461958,0.135965,14.092504,0
3,0.896667,-0.350013,0.271070,0.876418,-0.461958,0.135965,14.114552,0
3,0.891552,-0.363593,0.270066,0.876418,-0.461958,0.135965,14.136129,0
3,0.886933,-0.375250,0.269328,0.876418,-0.461958,0.135965,14.158380,0
3,0.882486,-0.385131,0.269987,0.876418,-0.461958,0.135965,14.180815,0
3,0.878465,-0.393744,0.270675,0.876418,-0.461958,0.135965,14.202706,0
3,0.874830,-0.401946,0.270393,0.876418,-0.461958,0.135965,14.224934,0
3,0.871618,-0.408993,0.270199,0.876418,-0.461958,0.135965,14.247683,0
3,0.868966,-0.414910,0.269717,0.876418,-0.461958,0.135965,14.269165,0
3,0.866353,-0.420444,0.269554,0.876418,-0.461958,0.135965,14.291681,0
3,0.863735,-0.426005,0.269223,0.876418,-0.461958,0.135965,14.313519,0
3,0.861387,-0.431128,0.268591,0.876418,-0.461958,0.135965,14.335834,0
3,0.859251,-0.436650,0.266506,0.876418,-0.461958,0.135965,14.358128,0
3,0.856476,-0.442973,0.264998,0.876418,-0.461958,0.135965,14.380535,0
3,0.852993,-0.449573,0.265116,0.876418,-0.461958,0.135965,14.402774,0
3,0.848689,-0.456893,0.266413,0.876418,-0.461958,0.135965,14.426814,0
3,0.844320,-0.464880,0.266478,0.876418,-0.461958,0.135965,14.447430,0
3,0.839836,-0.473112,0.266159,0.876418,-0.461958,0.135965,14.469939,0
3,0.834979,-0.481381,0.266612,0.876418,-0.461958,0.135965,14.491801,0
3,0.830013,-0.489749,0.266878,0.876418,-0.461958,0.135965,14.513874,0
3,0.825599,-0.497148,0.266888,0.876418,-0.461958,0.135965,14.536722,0
3,0.821635,-0.503431,0.267343,0.876418,-0.461958,0.135965,14.559081,0
3,0.817654,-0.508729,0.269512,0.876418,-0.461958,0.135965,14.580612,0
3,0.813851,-0.513009,0.272890,0.876418,-0.461958,0.135965,14.603359,0
3,0.810228,-0.517457,0.275261,0.876418,-0.461958,0.135965,14.624883,0
3,0.806906,-0.521702,0.277001,0.876418,-0.461958,0.135965,14.646909,0
3,0.803687,-0.525799,0.278610,0.876418,-0.461958,0.135965,14.668868,0
3,0.800565,-0.529766,0.280077,0.876418,-0.461958,0.135965,14.691133,0
3,0.797408,-0.533699,0.281613,0.876418,-0.461958,0.135965,14.713417,0
3,0.793943,-0.537971,0.283270,0.876418,-0.461958,0.135965,14.735476,0
3,0.790343,-0.542352,0.284978,0.876418,-0.461958,0.135965,14.757915,0
3,0.786739,-0.546679,0.286677,0.876418,-0.461958,0.135965,14.780790,0
3,0.783178,-0.550941,0.288265,0.876418,-0.461958,0.135965,14.802710,0
3,0.779522,-0.555339,0.289732,0.876418,-0.461958,0.135965,14.824727,0
3,0.775966,-0.559770,0.290749,0.876418,-0.461958,0.135965,14.846872,0
3,0.772795,-0.564070,0.290882,0.876418,-0.461958,0.135965,14.869180,0
3,0.769639,-0.568173,0.291264,0.876418,-0.461958,0.135965,14.891600,0
3,0.766697,-0.572052,0.291431,0.876418,-0.461958,0.135965,14.913973,0
3,0.763949,-0.576076,0.290720,0.876418,-0.461958,0.135965,14.936236,0
3,0.761664,-0.580018,0.288873,0.876418,-0.461958,0.135965,14.958228,0
3,0.759417,-0.583441,0.287895,0.876418,-0.461958,0.135965,14.980509,0
3,0.757095,-0.586300,0.288199,0.876418,-0.461958,0.135965,15.002607,0
3,0.754877,-0.589128,0.288251,0.876418,-0.461958,0.135965,15.024408,0
3,0.753156,-0.591604,0.287680,0.876418,-0.461958,0.135965,15.046579,0
3,0.751319,-0.594105,0.287331,0.876418,-0.461958,0.135965,15.068913,0
3,0.749266,-0.596518,0.287692,0.876418,-0.461958,0.135965,15.091949,0
3,0.747171,-0.598648,0.288712,0.876418,-0.461958,0.135965,15.114042,0
3,0.745186,-0.600644,0.289699,0.876418,-0.461958,0.135965,15.136395,0
3,0.743342,-0.602434,0.290718,0.876418,-0.461958,0.135965,15.158084,0
3,0.742200,-0.604143,0.290087,0.876418,-0.461958,0.135965,15.180696,0
3,0.740854,-0.606109,0.289426,0.876418,-0.461958,0.135965,15.203218,0
3,0.739245,-0.608351,0.288836,0.876418,-0.461958,0.135965,15.225297,0
3,0.737336,-0.610862,0.288415,0.876418,-0.461958,0.135965,15.247701,0
3,0.735407,-0.613486,0.287770,0.876418,-0.461958,0.135965,15.270245,0
3,0.733336,-0.616552,0.286499,0.876418,-0.461958,0.135965,15.292709,0
3,0.730994,-0.619858,0.285348,0.876418,-0.461958,0.135965,15.315140,0
3,0.728277,-0.623326,0.284742,0.876418,-0.461958,0.135965,15.336674,0
3,0.725276,-0.627319,0.283630,0.876418,-0.461958,0.135965,15.359459,0
3,0.722094,-0.631458,0.282561,0.876418,-0.461958,0.135965,15.381785,0
3,0.718716,-0.635029,0.283169,0.876418,-0.461958,0.135965,15.404010,0
3,0.715036,-0.638850,0.283891,0.876418,-0.461958,0.135965,15.427861,0
3,0.711632,-0.642712,0.283728,0.876418,-0.461958,0.135965,15.448669,0
3,0.708398,-0.646264,0.283753,0.876418,-0.461958,0.135965,15.470552,0
3,0.705265,-0.649368,0.284468,0.876418,-0.461958,0.135965,15.491854,0
3,0.702139,-0.652476,0.285090,0.876418,-0.461958,0.135965,15.513371,0
3,0.699001,-0.655892,0.284961,0.876418,-0.461958,0.135965,15.536356,0
3,0.695370,-0.659251,0.286092,0.876418,-0.461958,0.135965,15.557918,0
3,0.691169,-0.662600,0.288525,0.876418,-0.461958,0.135965,15.580405,0
3,0.687100,-0.665629,0.291260,0.876418,-0.461958,0.135965,15.602618,0
3,0.683469,-0.668586,0.293023,0.876418,-0.461958,0.135965,15.626571,0
4,0.737083,-0.622668,0.262667,0.797610,0.589053,0.129750,18.802704,0
4,0.737485,-0.622120,0.262836,0.797610,0.589053,0.129750,18.836435,0
4,0.737937,-0.621822,0.262271,0.797610,0.589053,0.129750,18.868374,0
4,0.738184,-0.621715,0.261830,0.797610,0.589053,0.129750,18.902037,0
4,0.738272,-0.621361,0.262423,0.797610,0.589053,0.129750,18.934959,0
4,0.738360,-0.621064,0.262877,0.797610,0.589053,0.129750,18.968111,0
4,0.737953,-0.621492,0.263009,0.797610,0.589053,0.129750,19.001432,0
4,0.737591,-0.621779,0.263345,0.797610,0.589053,0.129750,19.034830,0
4,0.737873,-0.620560,0.265421,0.797610,0.589053,0.129750,19.068605,0
4,0.738326,-0.619882,0.265746,0.797610,0.589053,0.129750,19.102222,0
4,0.739550,-0.618632,0.265256,0.797610,0.589053,0.129750,19.135168,0
4,0.741452,-0.615909,0.266280,0.797610,0.589053,0.129750,19.157263,0
4,0.743450,-0.612864,0.267731,0.797610,0.589053,0.129750,19.179668,0
4,0.746340,-0.609237,0.267970,0.797610,0.589053,0.129750,19.202255,0
4,0.750183,-0.605070,0.266676,0.797610,0.589053,0.129750,19.224251,0
4,0.754995,-0.599710,0.265199,0.797610,0.589053,0.129750,19.246492,0
4,0.760184,-0.593022,0.265415,0.797610,0.589053,0.129750,19.268045,0
4,0.765908,-0.585301,0.266097,0.797610,0.589053,0.129750,19.290594,0
4,0.772257,-0.577228,0.265382,0.797610,0.589053,0.129750,19.312687,0
4,0.778657,-0.569697,0.262941,0.797610,0.589053,0.129750,19.334614,0
4,0.784902,-0.562499,0.259854,0.797610,0.589053,0.129750,19.356943,0
4,0.790749,-0.555079,0.258077,0.797610,0.589053,0.129750,19.379847,0
4,0.797084,-0.546653,0.256570,0.797610,0.589053,0.129750,19.401932,0
4,0.803308,-0.538226,0.254968,0.797610,0.589053,0.129750,19.424320,0
4,0.810091,-0.529161,0.252471,0.797610,0.589053,0.129750,19.446012,0
4,0.817526,-0.518854,0.249883,0.797610,0.589053,0.129750,19.468460,0
4,0.825098,-0.507316,0.248685,0.797610,0.589053,0.129750,19.491657,0
4,0.833019,-0.494865,0.247363,0.797610,0.589053,0.129750,19.513840,0
4,0.840852,-0.482246,0.245777,0.797610,0.589053,0.129750,19.535305,0
4,0.848565,-0.469053,0.244798,0.797610,0.589053,0.129750,19.557133,0
4,0.855576,-0.456501,0.244122,0.797610,0.589053,0.129750,19.578871,0
4,0.862299,-0.444142,0.243266,0.797610,0.589053,0.129750,19.601439,0
4,0.868571,-0.432173,0.242509,0.797610,0.589053,0.129750,19.623549,0
4,0.874549,-0.419680,0.242966,0.797610,0.589053,0.129750,19.645893,0
4,0.879916,-0.407472,0.244366,0.797610,0.589053,0.129750,19.668644,0
4,0.885635,-0.394944,0.244275,0.797610,0.589053,0.129750,19.691181,0
4,0.891326,-0.382495,0.243384,0.797610,0.589053,0.129750,19.712530,0
4,0.896868,-0.370065,0.242238,0.797610,0.589053,0.129750,19.734575,0
4,0.902482,-0.356668,0.241482,0.797610,0.589053,0.129750,19.757450,0
4,0.907979,-0.342744,0.241043,0.797610,0.589053,0.129750,19.778835,0
4,0.913270,-0.328598,0.240752,0.797610,0.589053,0.129750,19.801012,0
4,0.918771,-0.313712,0.239676,0.797610,0.589053,0.129750,19.824884,0
4,0.924089,-0.298696,0.238413,0.797610,0.589053,0.129750,19.845461,0
4,0.929092,-0.283403,0.237635,0.797610,0.589053,0.129750,19.867224,0
4,0.931305,-0.275622,0.238126,0.797610,0.589053,0.129750,19.889233,0
4,0.935699,-0.260708,0.237695,0.797610,0.589053,0.129750,19.912148,0
4,0.939976,-0.246147,0.236338,0.797610,0.589053,0.129750,19.934649,0
4,0.944266,-0.231244,0.234281,0.797610,0.589053,0.129750,19.957352,0
4,0.948193,-0.216273,0.232716,0.797610,0.589053,0.129750,19.978783,0
4,0.951645,-0.201191,0.232150,0.797610,0.589053,0.129750,20.000521,0
4,0.955082,-0.185784,0.230873,0.797610,0.589053,0.129750,20.022581,0
4,0.958415,-0.170011,0.229211,0.797610,0.589053,0.129750,20.045498,0
4,0.961340,-0.154480,0.227950,0.797610,0.589053,0.129750,20.066940,0
4,0.963921,-0.138661,0.227220,0.797610,0.589053,0.129750,20.090393,0
4,0.966217,-0.122514,0.226749,0.797610,0.589053,0.129750,20.112225,0
4,0.968208,-0.105990,0.226582,0.797610,0.589053,0.129750,20.133848,0
4,0.969810,-0.088804,0.227117,0.797610,0.589053,0.129750,20.156429,0
4,0.971236,-0.072362,0.226860,0.797610,0.589053,0.129750,20.178295,0
4,0.972493,-0.055410,0.226247,0.797610,0.589053,0.129750,20.200792,0
4,0.973125,-0.038215,0.227085,0.797610,0.589053,0.129750,20.222895,0
4,0.973161,-0.021662,0.229105,0.797610,0.589053,0.129750,20.245148,0
4,0.972811,-0.005395,0.231538,0.797610,0.589053,0.129750,20.267292,0
4,0.972372,0.010097,0.233218,0.797610,0.589053,0.129750,20.289484,0
4,0.972089,0.024307,0.233349,0.797610,0.589053,0.129750,20.311634,0
4,0.971606,0.038169,0.233505,0.797610,0.589053,0.129750,20.334370,0
4,0.971240,0.051558,0.232452,0.797610,0.589053,0.129750,20.356033,0
4,0.970972,0.064695,0.230278,0.797610,0.589053,0.129750,20.378172,0
4,0.970509,0.077833,0.228154,0.797610,0.589053,0.129750,20.400183,0
4,0.969560,0.091114,0.227272,0.797610,0.589053,0.129750,20.422987,0
4,0.968566,0.104626,0.225685,0.797610,0.589053,0.129750,20.444843,0
4,0.967351,0.117556,0.224526,0.797610,0.589053,0.129750,20.466972,0
4,0.965840,0.130521,0.223870,0.797610,0.589053,0.129750,20.489563,0
4,0.964503,0.143020,0.221988,0.797610,0.589053,0.129750,20.512430,0
4,0.963146,0.155282,0.219630,0.797610,0.589053,0.129750,20.533821,0
4,0.961619,0.167899,0.217021,0.797610,0.589053,0.129750,20.555559,0
4,0.959792,0.180445,0.215032,0.797610,0.589053,0.129750,20.578390,0
4,0.957698,0.193352,0.213145,0.797610,0.589053,0.129750,20.601851,0
4,0.955313,0.206444,0.211560,0.797610,0.589053,0.129750,20.623041,0
4,0.951656,0.222760,0.211493,0.797610,0.589053,0.129750,20.645792,0
4,0.944879,0.249495,0.212027,0.797610,0.589053,0.129750,20.668350,0
4,0.934369,0.287183,0.210906,0.797610,0.589053,0.129750,20.689848,0
4,0.921151,0.327500,0.210297,0.797610,0.589053,0.129750,20.711916,0
4,0.906386,0.366702,0.209746,0.797610,0.589053,0.129750,20.734062,0
4,0.890049,0.405762,0.207775,0.797610,0.589053,0.129750,20.757053,0
4,0.870601,0.447859,0.203659,0.797610,0.589053,0.129750,20.778616,0
4,0.846724,0.492880,0.200321,0.797610,0.589053,0.129750,20.800835,0
4,0.823676,0.531527,0.197576,0.797610,0.589053,0.129750,20.823540,0
4,0.805153,0.560249,0.194551,0.797610,0.589053,0.129750,20.845772,0
4,0.788770,0.584481,0.190323,0.797610,0.589053,0.129750,20.870295,0
4,0.775108,0.603861,0.185903,0.797610,0.589053,0.129750,20.893154,0
4,0.767496,0.614455,0.182742,0.797610,0.589053,0.129750,20.915142,0
4,0.766166,0.617386,0.178395,0.797610,0.589053,0.129750,20.937189,0
4,0.764886,0.621747,0.168463,0.797610,0.589053,0.129750,20.968718,0
4,0.772391,0.616608,0.152337,0.797610,0.589053,0.129750,21.000765,0
4,0.782852,0.606146,0.140464,0.797610,0.589053,0.129750,21.034107,0
4,0.787996,0.601336,0.132127,0.797610,0.589053,0.129750,21.067909,0
4,0.791043,0.598265,0.127785,0.797610,0.589053,0.129750,21.101240,0
4,0.792462,0.597140,0.124209,0.797610,0.589053,0.129750,21.133829,0
4,0.794536,0.594952,0.121432,0.797610,0.589053,0.129750,21.166653,0
4,0.796725,0.591682,0.123053,0.797610,0.589053,0.129750,21.200418,0
4,0.799646,0.588213,0.120712,0.797610,0.589053,0.129750,21.233566,0
4,0.804367,0.581695,0.120928,0.797610,0.589053,0.129750,21.267069,0
4,0.809651,0.574400,0.120542,0.797610,0.589053,0.129750,21.300669,0
4,0.815742,0.565743,0.120411,0.797610,0.589053,0.129750,21.333586,0
4,0.819888,0.559760,0.120223,0.797610,0.589053,0.129750,21.366486,0
4,0.825022,0.552002,0.120964,0.797610,0.589053,0.129750,21.400007,0
4,0.829164,0.545644,0.121486,0.797610,0.589053,0.129750,21.433571,0
4,0.832767,0.540605,0.119353,0.797610,0.589053,0.129750,21.466553,0
4,0.836586,0.534983,0.117974,0.797610,0.589053,0.129750,21.499836,0
4,0.839538,0.530663,0.116503,0.797610,0.589053,0.129750,21.533670,0
4,0.841681,0.527937,0.113382,0.797610,0.589053,0.129750,21.566572,0
4,0.844232,0.524297,0.111285,0.797610,0.589053,0.129750,21.600252,0
4,0.845335,0.522470,0.111512,0.797610,0.589053,0.129750,21.633631,0
4,0.845913,0.521383,0.112213,0.797610,0.589053,0.129750,21.666489,0
5,0.974722,0.187796,0.121032,0.905176,0.411924,0.104758,24.971327,0
5,0.975251,0.186248,0.119153,0.905176,0.411924,0.104758,24.998676,0
5,0.975711,0.184252,0.118483,0.905176,0.411924,0.104758,25.031374,0
5,0.976286,0.181088,0.118628,0.905176,0.411924,0.104758,25.064966,0
5,0.976734,0.178510,0.118847,0.905176,0.411924,0.104758,25.097958,0
5,0.976943,0.177171,0.119132,0.905176,0.411924,0.104758,25.131035,0
5,0.976876,0.177135,0.119732,0.905176,0.411924,0.104758,25.164339,0
5,0.976585,0.177850,0.121044,0.905176,0.411924,0.104758,25.197647,0
5,0.976361,0.178307,0.122172,0.905176,0.411924,0.104758,25.230730,0
5,0.975801,0.179325,0.125120,0.905176,0.411924,0.104758,25.264320,0
5,0.974124,0.181362,0.134869,0.905176,0.411924,0.104758,25.297827,0
5,0.972188,0.183285,0.145797,0.905176,0.411924,0.104758,25.330748,0
5,0.970008,0.183976,0.158860,0.905176,0.411924,0.104758,25.364574,0
5,0.966892,0.184654,0.176132,0.905176,0.411924,0.104758,25.397444,0
5,0.962979,0.184665,0.196393,0.905176,0.411924,0.104758,25.431295,0
5,0.958984,0.183960,0.215657,0.905176,0.411924,0.104758,25.464417,0
5,0.954489,0.183029,0.235482,0.905176,0.411924,0.104758,25.497513,0
5,0.950896,0.181281,0.250865,0.905176,0.411924,0.104758,25.530643,0
5,0.948406,0.179539,0.261327,0.905176,0.411924,0.104758,25.564108,0
5,0.945841,0.176527,0.272440,0.905176,0.411924,0.104758,25.597265,0
5,0.941472,0.173272,0.289149,0.905176,0.411924,0.104758,25.630709,0
5,0.936463,0.172040,0.305679,0.905176,0.411924,0.104758,25.665220,0
5,0.931340,0.169235,0.322437,0.905176,0.411924,0.104758,25.696962,0
5,0.926033,0.168013,0.337987,0.905176,0.411924,0.104758,25.731060,0
5,0.923119,0.167909,0.345915,0.905176,0.411924,0.104758,25.764839,0
5,0.923063,0.167872,0.346084,0.905176,0.411924,0.104758,25.798267,0
5,0.924285,0.170246,0.341634,0.905176,0.411924,0.104758,25.831129,0
5,0.926114,0.174176,0.334627,0.905176,0.411924,0.104758,25.864288,0
5,0.926635,0.182018,0.328965,0.905176,0.411924,0.104758,25.886747,0
5,0.925718,0.188751,0.327750,0.905176,0.411924,0.104758,25.908260,0
5,0.924959,0.196564,0.325291,0.905176,0.411924,0.104758,25.930933,0
5,0.924194,0.205334,0.322029,0.905176,0.411924,0.104758,25.953655,0
5,0.922752,0.215091,0.319788,0.905176,0.411924,0.104758,25.975037,0
5,0.921836,0.223466,0.316671,0.905176,0.411924,0.104758,25.997728,0
5,0.920567,0.231701,0.314438,0.905176,0.411924,0.104758,26.020033,0
5,0.919241,0.240237,0.311902,0.905176,0.411924,0.104758,26.042681,0
5,0.918149,0.247488,0.309437,0.905176,0.411924,0.104758,26.064720,0
5,0.916969,0.253745,0.307865,0.905176,0.411924,0.104758,26.087042,0
5,0.915338,0.259557,0.307873,0.905176,0.411924,0.104758,26.109581,0
5,0.913577,0.265392,0.308128,0.905176,0.411924,0.104758,26.131851,0
5,0.911835,0.271477,0.307990,0.905176,0.411924,0.104758,26.154203,0
5,0.910036,0.277254,0.308162,0.905176,0.411924,0.104758,26.175991,0
5,0.908058,0.284086,0.307776,0.905176,0.411924,0.104758,26.198006,0
5,0.905879,0.292332,0.306472,0.905176,0.411924,0.104758,26.220556,0
5,0.903703,0.300879,0.304620,0.905176,0.411924,0.104758,26.242937,0
5,0.901713,0.309581,0.301784,0.905176,0.411924,0.104758,26.264820,0
5,0.899759,0.318170,0.298666,0.905176,0.411924,0.104758,26.286943,0
5,0.897144,0.327801,0.296106,0.905176,0.411924,0.104758,26.309099,0
5,0.893864,0.338117,0.294421,0.905176,0.411924,0.104758,26.332369,0
5,0.890774,0.347816,0.292481,0.905176,0.411924,0.104758,26.353971,0
5,0.887867,0.357323,0.289848,0.905176,0.411924,0.104758,26.376181,0
5,0.884405,0.368061,0.286982,0.905176,0.411924,0.104758,26.398209,0
5,0.880706,0.378855,0.284297,0.905176,0.411924,0.104758,26.421373,0
5,0.876679,0.390003,0.281660,0.905176,0.411924,0.104758,26.442667,0
5,0.872192,0.402046,0.278640,0.905176,0.411924,0.104758,26.465469,0
5,0.867536,0.413783,0.275979,0.905176,0.411924,0.104758,26.487143,0
5,0.862623,0.425341,0.273800,0.905176,0.411924,0.104758,26.510004,0
5,0.857688,0.436904,0.271084,0.905176,0.411924,0.104758,26.532209,0
5,0.852066,0.449437,0.268311,0.905176,0.411924,0.104758,26.554365,0
5,0.846370,0.461485,0.265873,0.905176,0.411924,0.104758,26.575792,0
5,0.840923,0.472708,0.263430,0.905176,0.411924,0.104758,26.598457,0
5,0.838106,0.478477,0.261989,0.905176,0.411924,0.104758,26.620510,0
5,0.832539,0.489431,0.259491,0.905176,0.411924,0.104758,26.642927,0
5,0.826701,0.500281,0.257458,0.905176,0.411924,0.104758,26.664661,0
5,0.820501,0.511034,0.256168,0.905176,0.411924,0.104758,26.687933,0
5,0.814324,0.521233,0.255328,0.905176,0.411924,0.104758,26.709419,0
5,0.808038,0.531206,0.254745,0.905176,0.411924,0.104758,26.731983,0
5,0.801685,0.541074,0.254046,0.905176,0.411924,0.104758,26.754490,0
5,0.795187,0.550760,0.253654,0.905176,0.411924,0.104758,26.775656,0
5,0.788733,0.560154,0.253235,0.905176,0.411924,0.104758,26.798613,0
5,0.782448,0.569380,0.252155,0.905176,0.411924,0.104758,26.820246,0
5,0.776358,0.578179,0.250953,0.905176,0.411924,0.104758,26.842892,0
5,0.770516,0.586558,0.249511,0.905176,0.411924,0.104758,26.865408,0
5,0.764776,0.594487,0.248399,0.905176,0.411924,0.104758,26.888107,0
6,0.961496,0.204777,0.183282,0.890199,-0.439758,0.118988,29.983749,0
6,0.961574,0.204987,0.182637,0.890199,-0.439758,0.118988,30.017218,0
6,0.961510,0.206105,0.181711,0.890199,-0.439758,0.118988,30.049959,0
6,0.961409,0.206985,0.181243,0.890199,-0.439758,0.118988,30.083828,0
6,0.961870,0.206826,0.178964,0.890199,-0.439758,0.118988,30.116549,0
6,0.962040,0.206768,0.178117,0.890199,-0.439758,0.118988,30.150263,0
6,0.962297,0.206332,0.177232,0.890199,-0.439758,0.118988,30.182970,0
6,0.962279,0.206874,0.176700,0.890199,-0.439758,0.118988,30.216457,0
6,0.961994,0.207210,0.177851,0.890199,-0.439758,0.118988,30.249815,0
6,0.962151,0.206589,0.177724,0.890199,-0.439758,0.118988,30.283419,0
6,0.962142,0.205907,0.178562,0.890199,-0.439758,0.118988,30.316223,0
6,0.962036,0.205145,0.180008,0.890199,-0.439758,0.118988,30.349787,0
6,0.962588,0.202071,0.180533,0.890199,-0.439758,0.118988,30.383274,0
6,0.964082,0.195924,0.179331,0.890199,-0.439758,0.118988,30.416903,0
6,0.965578,0.188250,0.179501,0.890199,-0.439758,0.118988,30.450314,0
6,0.967900,0.178638,0.176799,0.890199,-0.439758,0.118988,30.483458,0
6,0.969905,0.167592,0.176630,0.890199,-0.439758,0.118988,30.516542,0
6,0.970917,0.158246,0.179662,0.890199,-0.439758,0.118988,30.549948,0
6,0.972655,0.147931,0.179049,0.890199,-0.439758,0.118988,30.583313,0
6,0.974791,0.136271,0.176674,0.890199,-0.439758,0.118988,30.616266,0
6,0.976641,0.123698,0.175700,0.890199,-0.439758,0.118988,30.650511,0
6,0.978505,0.109248,0.174908,0.890199,-0.439758,0.118988,30.683731,0
6,0.980134,0.092811,0.175279,0.890199,-0.439758,0.118988,30.716606,0
6,0.981046,0.080088,0.176453,0.890199,-0.439758,0.118988,30.739426,0
6,0.982096,0.067088,0.176030,0.890199,-0.439758,0.118988,30.762089,0
6,0.983164,0.053741,0.174643,0.890199,-0.439758,0.118988,30.784590,0
6,0.983873,0.039803,0.174384,0.890199,-0.439758,0.118988,30.806892,0
6,0.984308,0.025757,0.174569,0.890199,-0.439758,0.118988,30.829700,0
6,0.984471,0.012620,0.175094,0.890199,-0.439758,0.118988,30.852142,0
6,0.984650,-0.000039,0.174543,0.890199,-0.439758,0.118988,30.874260,0
6,0.984662,-0.013686,0.173935,0.890199,-0.439758,0.118988,30.897263,0
6,0.984500,-0.026971,0.173298,0.890199,-0.439758,0.118988,30.918043,0
6,0.983987,-0.040642,0.173548,0.890199,-0.439758,0.118988,30.940521,0
6,0.983252,-0.054564,0.173895,0.890199,-0.439758,0.118988,30.963675,0
6,0.982262,-0.068712,0.174468,0.890199,-0.439758,0.118988,30.985790,0
6,0.981199,-0.082953,0.174261,0.890199,-0.439758,0.118988,31.007671,0
6,0.980001,-0.097274,0.173598,0.890199,-0.439758,0.118988,31.029982,0
6,0.978538,-0.111233,0.173469,0.890199,-0.439758,0.118988,31.052448,0
6,0.976835,-0.124579,0.173991,0.890199,-0.439758,0.118988,31.075827,0
6,0.974999,-0.137986,0.174176,0.890199,-0.439758,0.118988,31.097315,0
6,0.973129,-0.150723,0.174079,0.890199,-0.439758,0.118988,31.118698,0
6,0.971047,-0.163160,0.174490,0.890199,-0.439758,0.118988,31.140564,0
6,0.967392,-0.182102,0.176043,0.890199,-0.439758,0.118988,31.173672,0
6,0.963081,-0.201668,0.178340,0.890199,-0.439758,0.118988,31.207636,0
6,0.958187,-0.221039,0.181712,0.890199,-0.439758,0.118988,31.240351,0
6,0.952650,-0.240988,0.185427,0.890199,-0.439758,0.118988,31.273718,0
6,0.946800,-0.260030,0.189614,0.890199,-0.439758,0.118988,31.306904,0
6,0.941096,-0.277744,0.192865,0.890199,-0.439758,0.118988,31.339869,0
6,0.935166,-0.294876,0.196245,0.890199,-0.439758,0.118988,31.374199,0
6,0.929856,-0.309515,0.198916,0.890199,-0.439758,0.118988,31.406761,0
6,0.925568,-0.322005,0.199092,0.890199,-0.439758,0.118988,31.440628,0
6,0.921491,-0.333153,0.199656,0.890199,-0.439758,0.118988,31.474171,0
6,0.918269,-0.342104,0.199367,0.890199,-0.439758,0.118988,31.506746,0
6,0.915706,-0.349377,0.198539,0.890199,-0.439758,0.118988,31.540602,0
6,0.913382,-0.356236,0.197051,0.890199,-0.439758,0.118988,31.574188,0
6,0.911477,-0.361259,0.196726,0.890199,-0.439758,0.118988,31.606823,0
6,0.909331,-0.366324,0.197291,0.890199,-0.439758,0.118988,31.640984,0
7,0.905957,-0.380711,0.185208,0.922086,-0.370656,0.111230,35.050568,0
7,0.906166,-0.380110,0.185416,0.922086,-0.370656,0.111230,35.085320,0
7,0.906194,-0.379845,0.185824,0.922086,-0.370656,0.111230,35.116070,0
7,0.906052,-0.379916,0.186371,0.922086,-0.370656,0.111230,35.148491,0
7,0.906085,-0.379886,0.186271,0.922086,-0.370656,0.111230,35.183155,0
7,0.906437,-0.378958,0.186446,0.922086,-0.370656,0.111230,35.216007,0
7,0.907115,-0.378056,0.184978,0.922086,-0.370656,0.111230,35.248680,0
7,0.907211,-0.377820,0.184986,0.922086,-0.370656,0.111230,35.281948,0
7,0.906681,-0.378334,0.186526,0.922086,-0.370656,0.111230,35.314842,0
7,0.906442,-0.379181,0.185968,0.922086,-0.370656,0.111230,35.348621,0
7,0.906450,-0.377864,0.188593,0.922086,-0.370656,0.111230,35.381752,0
7,0.906737,-0.375056,0.192769,0.922086,-0.370656,0.111230,35.415596,0
7,0.908999,-0.369709,0.192449,0.922086,-0.370656,0.111230,35.447723,0
7,0.912708,-0.362676,0.188230,0.922086,-0.370656,0.111230,35.481262,0
7,0.916042,-0.353329,0.189804,0.922086,-0.370656,0.111230,35.514709,0
7,0.918927,-0.345396,0.190461,0.922086,-0.370656,0.111230,35.547836,0
7,0.921625,-0.339248,0.188464,0.922086,-0.370656,0.111230,35.581341,0
7,0.922431,-0.333875,0.194034,0.922086,-0.370656,0.111230,35.614666,0
7,0.922073,-0.327925,0.205540,0.922086,-0.370656,0.111230,35.647907,0
7,0.920348,-0.320850,0.223640,0.922086,-0.370656,0.111230,35.681599,0
7,0.917178,-0.313134,0.246439,0.922086,-0.370656,0.111230,35.714504,0
7,0.913947,-0.308050,0.264208,0.922086,-0.370656,0.111230,35.747761,0
7,0.911041,-0.302548,0.280123,0.922086,-0.370656,0.111230,35.781837,0
7,0.907076,-0.300318,0.294995,0.922086,-0.370656,0.111230,35.814274,0
7,0.902981,-0.301140,0.306497,0.922086,-0.370656,0.111230,35.847172,0
7,0.898100,-0.305271,0.316584,0.922086,-0.370656,0.111230,35.880898,0
7,0.893472,-0.312603,0.322472,0.922086,-0.370656,0.111230,35.914135,0
7,0.889378,-0.320933,0.325589,0.922086,-0.370656,0.111230,35.936382,0
7,0.885586,-0.326910,0.329950,0.922086,-0.370656,0.111230,35.959827,0
7,0.880593,-0.333495,0.336654,0.922086,-0.370656,0.111230,35.981884,0
7,0.873466,-0.339004,0.349477,0.922086,-0.370656,0.111230,36.004829,0
7,0.864709,-0.341431,0.368380,0.922086,-0.370656,0.111230,36.025585,0
7,0.856320,-0.342145,0.386850,0.922086,-0.370656,0.111230,36.047726,0
7,0.849025,-0.344237,0.400822,0.922086,-0.370656,0.111230,36.070114,0
7,0.840648,-0.349690,0.413555,0.922086,-0.370656,0.111230,36.092472,0
7,0.832025,-0.356636,0.424905,0.922086,-0.370656,0.111230,36.115040,0
7,0.824329,-0.362043,0.435209,0.922086,-0.370656,0.111230,36.137451,0
7,0.816941,-0.367333,0.444606,0.922086,-0.370656,0.111230,36.159447,0
7,0.808909,-0.375053,0.452771,0.922086,-0.370656,0.111230,36.182072,0
7,0.801712,-0.384644,0.457500,0.922086,-0.370656,0.111230,36.204422,0
7,0.796333,-0.394136,0.458814,0.922086,-0.370656,0.111230,36.226204,0
7,0.790628,-0.406373,0.458004,0.922086,-0.370656,0.111230,36.248837,0
7,0.785007,-0.420079,0.455300,0.922086,-0.370656,0.111230,36.271473,0
7,0.780084,-0.432782,0.451850,0.922086,-0.370656,0.111230,36.293118,0
7,0.775866,-0.443894,0.448318,0.922086,-0.370656,0.111230,36.315155,0
7,0.770248,-0.456213,0.445631,0.922086,-0.370656,0.111230,36.337460,0
7,0.764519,-0.469019,0.442190,0.922086,-0.370656,0.111230,36.359882,0
7,0.760360,-0.479628,0.437961,0.922086,-0.370656,0.111230,36.382221,0
7,0.756451,-0.489562,0.433717,0.922086,-0.370656,0.111230,36.404858,0
7,0.752831,-0.499507,0.428648,0.922086,-0.370656,0.111230,36.426155,0
7,0.750242,-0.507628,0.423617,0.922086,-0.370656,0.111230,36.448341,0
7,0.747924,-0.514295,0.419655,0.922086,-0.370656,0.111230,36.470840,0
7,0.744958,-0.520175,0.417678,0.922086,-0.370656,0.111230,36.492634,0
7,0.742989,-0.525078,0.415042,0.922086,-0.370656,0.111230,36.515167,0
7,0.741727,-0.529226,0.412021,0.922086,-0.370656,0.111230,36.537571,0
7,0.739068,-0.534771,0.409633,0.922086,-0.370656,0.111230,36.559650,0
7,0.735760,-0.541022,0.407373,0.922086,-0.370656,0.111230,36.582123,0
7,0.733283,-0.546299,0.404788,0.922086,-0.370656,0.111230,36.603985,0
7,0.731411,-0.552009,0.400406,0.922086,-0.370656,0.111230,36.625790,0
7,0.728411,-0.558535,0.396808,0.922086,-0.370656,0.111230,36.647900,0
7,0.726510,-0.562036,0.395346,0.922086,-0.370656,0.111230,36.670425,0
7,0.723039,-0.567517,0.393876,0.922086,-0.370656,0.111230,36.692459,0
7,0.719575,-0.572652,0.392788,0.922086,-0.370656,0.111230,36.714638,0
7,0.716571,-0.577898,0.390590,0.922086,-0.370656,0.111230,36.737347,0
7,0.713787,-0.583106,0.387938,0.922086,-0.370656,0.111230,36.759609,0
7,0.710570,-0.588118,0.386274,0.922086,-0.370656,0.111230,36.782070,0
8,0.782907,-0.587132,0.205747,0.888832,0.438637,0.132569,40.170109,0
8,0.783517,-0.586511,0.205197,0.888832,0.438637,0.132569,40.203224,0
8,0.784600,-0.585916,0.202746,0.888832,0.438637,0.132569,40.235920,0
8,0.785083,-0.585590,0.201815,0.888832,0.438637,0.132569,40.268478,0
8,0.785108,-0.586542,0.198930,0.888832,0.438637,0.132569,40.301811,0
8,0.785069,-0.587671,0.195730,0.888832,0.438637,0.132569,40.335163,0
8,0.785119,-0.588021,0.194473,0.888832,0.438637,0.132569,40.369312,0
8,0.785333,-0.588533,0.192043,0.888832,0.438637,0.132569,40.401604,0
8,0.785070,-0.589316,0.190711,0.888832,0.438637,0.132569,40.434620,0
8,0.784659,-0.589723,0.191145,0.888832,0.438637,0.132569,40.467903,0
8,0.784640,-0.590190,0.189780,0.888832,0.438637,0.132569,40.502247,0
8,0.784684,-0.590515,0.188580,0.888832,0.438637,0.132569,40.534958,0
8,0.786819,-0.587570,0.188883,0.888832,0.438637,0.132569,40.567760,0
8,0.790583,-0.582324,0.189411,0.888832,0.438637,0.132569,40.601452,0
8,0.796394,-0.574123,0.190103,0.888832,0.438637,0.132569,40.634392,0
8,0.802177,-0.565595,0.191347,0.888832,0.438637,0.132569,40.668766,0
8,0.808201,-0.556708,0.192059,0.888832,0.438637,0.132569,40.702011,0
8,0.813982,-0.548886,0.190153,0.888832,0.438637,0.132569,40.734745,0
8,0.818780,-0.542452,0.188001,0.888832,0.438637,0.132569,40.767948,0
8,0.823698,-0.535805,0.185564,0.888832,0.438637,0.132569,40.801315,0
8,0.829437,-0.528641,0.180477,0.888832,0.438637,0.132569,40.835411,0
8,0.836141,-0.519526,0.175957,0.888832,0.438637,0.132569,40.868473,0
8,0.843657,-0.508100,0.173426,0.888832,0.438637,0.132569,40.901833,0
8,0.852170,-0.494513,0.171065,0.888832,0.438637,0.132569,40.934479,0
8,0.859682,-0.481217,0.171397,0.888832,0.438637,0.132569,40.968502,0
8,0.867772,-0.465958,0.172784,0.888832,0.438637,0.132569,41.001308,0
8,0.876309,-0.450147,0.171611,0.888832,0.438637,0.132569,41.035259,0
8,0.884753,-0.433079,0.172207,0.888832,0.438637,0.132569,41.067833,0
8,0.892972,-0.415377,0.173388,0.888832,0.438637,0.132569,41.101566,0
8,0.901672,-0.396371,0.172849,0.888832,0.438637,0.132569,41.134830,0
8,0.909956,-0.376425,0.174026,0.888832,0.438637,0.132569,41.168041,0
8,0.917653,-0.357723,0.173052,0.888832,0.438637,0.132569,41.202343,0
8,0.924704,-0.339918,0.171401,0.888832,0.438637,0.132569,41.235428,0
8,0.930647,-0.323960,0.170137,0.888832,0.438637,0.132569,41.268673,0
8,0.934213,-0.313741,0.169742,0.888832,0.438637,0.132569,41.293709,0
8,0.937902,-0.302680,0.169484,0.888832,0.438637,0.132569,41.314846,0
8,0.941411,-0.290722,0.170954,0.888832,0.438637,0.132569,41.337353,0
8,0.944728,-0.278446,0.173077,0.888832,0.438637,0.132569,41.358646,0
8,0.948163,-0.266266,0.173462,0.888832,0.438637,0.132569,41.381424,0
8,0.951586,-0.254787,0.171952,0.888832,0.438637,0.132569,41.402977,0
8,0.954965,-0.242823,0.170525,0.888832,0.438637,0.132569,41.425682,0
8,0.959476,-0.223883,0.171120,0.888832,0.438637,0.132569,41.458935,0
8,0.963547,-0.203448,0.173739,0.888832,0.438637,0.132569,41.491352,0
8,0.968436,-0.180604,0.171799,0.888832,0.438637,0.132569,41.524971,0
8,0.973683,-0.153050,0.168870,0.888832,0.438637,0.132569,41.558487,0
8,0.978277,-0.119924,0.169094,0.888832,0.438637,0.132569,41.590836,0
8,0.982139,-0.086447,0.167124,0.888832,0.438637,0.132569,41.623764,0
8,0.984903,-0.053431,0.164655,0.888832,0.438637,0.132569,41.656773,0
8,0.986178,-0.020847,0.164374,0.888832,0.438637,0.132569,41.692539,0
8,0.986717,0.009380,0.162177,0.888832,0.438637,0.132569,41.725136,0
8,0.985539,0.037644,0.165211,0.888832,0.438637,0.132569,41.757118,0
8,0.983658,0.062879,0.168712,0.888832,0.438637,0.132569,41.790638,0
8,0.982346,0.084258,0.167023,0.888832,0.438637,0.132569,41.824883,0
8,0.980683,0.101850,0.166997,0.888832,0.438637,0.132569,41.856945,0
8,0.978858,0.117612,0.167347,0.888832,0.438637,0.132569,41.891010,0
8,0.977149,0.131792,0.166762,0.888832,0.438637,0.132569,41.924168,0
8,0.974796,0.145329,0.169272,0.888832,0.438637,0.132569,41.957787,0
8,0.972488,0.159855,0.169449,0.888832,0.438637,0.132569,41.992054,0
8,0.969650,0.174827,0.170920,0.888832,0.438637,0.132569,42.023701,0
8,0.966463,0.189508,0.173311,0.888832,0.438637,0.132569,42.057320,0
8,0.964629,0.202220,0.169111,0.888832,0.438637,0.132569,42.091904,0
8,0.962734,0.212027,0.167889,0.888832,0.438637,0.132569,42.124054,0
8,0.960696,0.219288,0.170226,0.888832,0.438637,0.132569,42.156849,0
8,0.959756,0.224359,0.168913,0.888832,0.438637,0.132569,42.189331,0
8,0.958846,0.228819,0.168094,0.888832,0.438637,0.132569,42.222599,0
8,0.957705,0.233223,0.168546,0.888832,0.438637,0.132569,42.255772,0
8,0.955590,0.240055,0.170944,0.888832,0.438637,0.132569,42.289505,0
8,0.952596,0.246634,0.178134,0.888832,0.438637,0.132569,42.322990,0
8,0.948466,0.253897,0.189599,0.888832,0.438637,0.132569,42.356686,0
8,0.941417,0.262974,0.211139,0.888832,0.438637,0.132569,42.388939,0
8,0.933388,0.273800,0.231993,0.888832,0.438637,0.132569,42.422523,0
8,0.925279,0.287041,0.247923,0.888832,0.438637,0.132569,42.455399,0
8,0.916187,0.304751,0.260245,0.888832,0.438637,0.132569,42.488522,0
8,0.908113,0.323480,0.265878,0.888832,0.438637,0.132569,42.522564,0
8,0.897865,0.350573,0.266338,0.888832,0.438637,0.132569,42.555668,0
8,0.890975,0.369303,0.264156,0.888832,0.438637,0.132569,42.589455,0
9,0.977821,0.102240,0.182794,0.992187,0.055304,0.111836,45.866379,0
9,0.977982,0.102143,0.181984,0.992187,0.055304,0.111836,45.888481,0
9,0.978043,0.102140,0.181655,0.992187,0.055304,0.111836,45.914951,0
9,0.978063,0.101837,0.181719,0.992187,0.055304,0.111836,45.937244,0
9,0.978122,0.101711,0.181474,0.992187,0.055304,0.111836,45.958321,0
9,0.978212,0.101235,0.181252,0.992187,0.055304,0.111836,45.979801,0
9,0.978200,0.101251,0.181309,0.992187,0.055304,0.111836,46.000835,0
9,0.978184,0.101584,0.181210,0.992187,0.055304,0.111836,46.023830,0
9,0.978207,0.102210,0.180733,0.992187,0.055304,0.111836,46.055107,0
9,0.978343,0.102987,0.179549,0.992187,0.055304,0.111836,46.088474,0
9,0.978458,0.103247,0.178772,0.992187,0.055304,0.111836,46.122295,0
9,0.978526,0.103213,0.178421,0.992187,0.055304,0.111836,46.155285,0
9,0.978291,0.103689,0.179429,0.992187,0.055304,0.111836,46.189747,0
9,0.978153,0.103891,0.180065,0.992187,0.055304,0.111836,46.222397,0
9,0.978246,0.104172,0.179394,0.992187,0.055304,0.111836,46.255302,0
9,0.978236,0.103505,0.179834,0.992187,0.055304,0.111836,46.289211,0
9,0.978399,0.101006,0.180368,0.992187,0.055304,0.111836,46.321636,0
9,0.978617,0.094686,0.182600,0.992187,0.055304,0.111836,46.354431,0
9,0.980424,0.070403,0.183879,0.992187,0.055304,0.111836,46.387806,0
9,0.981586,0.050120,0.184328,0.992187,0.055304,0.111836,46.421600,0
9,0.981177,0.034580,0.189990,0.992187,0.055304,0.111836,46.454605,0
9,0.979139,0.020606,0.202142,0.992187,0.055304,0.111836,46.487713,0
9,0.975280,0.009877,0.220751,0.992187,0.055304,0.111836,46.521095,0
9,0.970040,-0.007664,0.242825,0.992187,0.055304,0.111836,46.554390,0
9,0.965486,-0.025538,0.259200,0.992187,0.055304,0.111836,46.588226,0
9,0.961620,-0.044452,0.270762,0.992187,0.055304,0.111836,46.621166,0
9,0.958542,-0.065629,0.277289,0.992187,0.055304,0.111836,46.654903,0
9,0.955498,-0.088817,0.281308,0.992187,0.055304,0.111836,46.687756,0
9,0.953451,-0.109475,0.280975,0.992187,0.055304,0.111836,46.721294,0
9,0.950934,-0.130052,0.280732,0.992187,0.055304,0.111836,46.754547,0
9,0.948320,-0.148229,0.280566,0.992187,0.055304,0.111836,46.787991,0
9,0.945042,-0.165027,0.282243,0.992187,0.055304,0.111836,46.810307,0
9,0.942672,-0.174808,0.284274,0.992187,0.055304,0.111836,46.832466,0
9,0.940365,-0.182257,0.287221,0.992187,0.055304,0.111836,46.855244,0
9,0.937826,-0.189622,0.290734,0.992187,0.055304,0.111836,46.877064,0
9,0.935518,-0.196190,0.293794,0.992187,0.055304,0.111836,46.898891,0
9,0.933802,-0.201148,0.295895,0.992187,0.055304,0.111836,46.921665,0
9,0.932079,-0.204979,0.298684,0.992187,0.055304,0.111836,46.943851,0
9,0.930396,-0.209423,0.300840,0.992187,0.055304,0.111836,46.966259,0
9,0.929132,-0.212337,0.302698,0.992187,0.055304,0.111836,46.988297,0
9,0.928162,-0.214671,0.304027,0.992187,0.055304,0.111836,47.010288,0
9,0.926852,-0.217933,0.305698,0.992187,0.055304,0.111836,47.032406,0
9,0.925085,-0.221972,0.308135,0.992187,0.055304,0.111836,47.054352,0
9,0.923658,-0.225742,0.309672,0.992187,0.055304,0.111836,47.076721,0
9,0.922664,-0.229468,0.309896,0.992187,0.055304,0.111836,47.098625,0
9,0.922308,-0.232744,0.308509,0.992187,0.055304,0.111836,47.121304,0
9,0.922328,-0.235064,0.306686,0.992187,0.055304,0.111836,47.143600,0
9,0.921956,-0.238488,0.305158,0.992187,0.055304,0.111836,47.166412,0
9,0.921812,-0.241125,0.303516,0.992187,0.055304,0.111836,47.188572,0
9,0.921935,-0.242996,0.301643,0.992187,0.055304,0.111836,47.210720,0
9,0.921562,-0.244145,0.301857,0.992187,0.055304,0.111836,47.233181,0
9,0.919951,-0.245299,0.305808,0.992187,0.055304,0.111836,47.255005,0
9,0.917944,-0.246584,0.310765,0.992187,0.055304,0.111836,47.277351,0
9,0.915612,-0.247605,0.316774,0.992187,0.055304,0.111836,47.299988,0
9,0.911133,-0.248250,0.328950,0.992187,0.055304,0.111836,47.321869,0
9,0.905304,-0.248059,0.344806,0.992187,0.055304,0.111836,47.343948,0
9,0.899821,-0.246320,0.360069,0.992187,0.055304,0.111836,47.365910,0
9,0.895062,-0.242879,0.373996,0.992187,0.055304,0.111836,47.388149,0
9,0.889812,-0.240360,0.387893,0.992187,0.055304,0.111836,47.410885,0
9,0.883380,-0.238387,0.403500,0.992187,0.055304,0.111836,47.434479,0
9,0.876362,-0.233720,0.421147,0.992187,0.055304,0.111836,47.454098,0
9,0.870594,-0.229376,0.435263,0.992187,0.055304,0.111836,47.476437,0
9,0.866522,-0.225654,0.445219,0.992187,0.055304,0.111836,47.498104,0
9,0.863828,-0.222871,0.451807,0.992187,0.055304,0.111836,47.520340,0
9,0.864588,-0.222139,0.450712,0.992187,0.055304,0.111836,47.542843,0
9,0.863784,-0.219493,0.453541,0.992187,0.055304,0.111836,47.565662,0
9,0.863638,-0.217499,0.454779,0.992187,0.055304,0.111836,47.587154,0
9,0.863962,-0.215868,0.454939,0.992187,0.055304,0.111836,47.609299,0
9,0.864445,-0.214329,0.454750,0.992187,0.055304,0.111836,47.631855,0
9,0.865023,-0.212185,0.454656,0.992187,0.055304,0.111836,47.655506,0
9,0.865751,-0.210052,0.454261,0.992187,0.055304,0.111836,47.677357,0
9,0.866231,-0.208550,0.454038,0.992187,0.055304,0.111836,47.698719,0
9,0.866539,-0.207135,0.454099,0.992187,0.055304,0.111836,47.721649,0
9,0.866944,-0.206181,0.453760,0.992187,0.055304,0.111836,47.743729,0
9,0.868060,-0.205006,0.452156,0.992187,0.055304,0.111836,47.765343,0
10,0.966926,-0.201964,0.155774,0.981071,-0.114528,0.156150,50.907269,0
10,0.966739,-0.202125,0.156717,0.981071,-0.114528,0.156150,50.941612,0
10,0.966684,-0.201914,0.157332,0.981071,-0.114528,0.156150,50.975227,0
10,0.966633,-0.201349,0.158364,0.981071,-0.114528,0.156150,51.008236,0
10,0.966555,-0.200676,0.159687,0.981071,-0.114528,0.156150,51.041592,0
10,0.966244,-0.201038,0.161109,0.981071,-0.114528,0.156150,51.075142,0
10,0.965796,-0.201583,0.163100,0.981071,-0.114528,0.156150,51.108040,0
10,0.965355,-0.201826,0.165399,0.981071,-0.114528,0.156150,51.142258,0
10,0.964949,-0.201657,0.167951,0.981071,-0.114528,0.156150,51.176521,0
10,0.964479,-0.201976,0.170254,0.981071,-0.114528,0.156150,51.208122,0
10,0.964265,-0.201880,0.171572,0.981071,-0.114528,0.156150,51.241222,0
10,0.963950,-0.201742,0.173494,0.981071,-0.114528,0.156150,51.274158,0
10,0.963435,-0.202002,0.176032,0.981071,-0.114528,0.156150,51.307228,0
10,0.962838,-0.203858,0.177156,0.981071,-0.114528,0.156150,51.341846,0
10,0.962308,-0.206163,0.177367,0.981071,-0.114528,0.156150,51.374390,0
10,0.961618,-0.208986,0.177808,0.981071,-0.114528,0.156150,51.407661,0
10,0.960863,-0.213092,0.177013,0.981071,-0.114528,0.156150,51.441383,0
10,0.960372,-0.215908,0.176264,0.981071,-0.114528,0.156150,51.475025,0
10,0.959699,-0.218739,0.176440,0.981071,-0.114528,0.156150,51.507580,0
10,0.958756,-0.222426,0.176958,0.981071,-0.114528,0.156150,51.541195,0
10,0.958229,-0.225703,0.175658,0.981071,-0.114528,0.156150,51.574215,0
10,0.956874,-0.231727,0.175197,0.981071,-0.114528,0.156150,51.607319,0
10,0.953924,-0.241467,0.178111,0.981071,-0.114528,0.156150,51.640469,0
10,0.951154,-0.250603,0.180290,0.981071,-0.114528,0.156150,51.673813,0
10,0.948718,-0.259933,0.179913,0.981071,-0.114528,0.156150,51.707516,0
10,0.946401,-0.268511,0.179520,0.981071,-0.114528,0.156150,51.741249,0
10,0.943571,-0.276532,0.182217,0.981071,-0.114528,0.156150,51.774361,0
10,0.941580,-0.283831,0.181294,0.981071,-0.114528,0.156150,51.807491,0
10,0.939397,-0.291813,0.179940,0.981071,-0.114528,0.156150,51.841980,0
10,0.936771,-0.299187,0.181515,0.981071,-0.114528,0.156150,51.873764,0
10,0.933980,-0.307924,0.181283,0.981071,-0.114528,0.156150,51.906700,0
10,0.930719,-0.318392,0.179967,0.981071,-0.114528,0.156150,51.940174,0
10,0.926123,-0.331744,0.179561,0.981071,-0.114528,0.156150,51.973991,0
10,0.920785,-0.346428,0.179282,0.981071,-0.114528,0.156150,52.007420,0
10,0.914963,-0.360646,0.181047,0.981071,-0.114528,0.156150,52.041897,0
10,0.909079,-0.375153,0.181204,0.981071,-0.114528,0.156150,52.075359,0
10,0.903252,-0.389273,0.180560,0.981071,-0.114528,0.156150,52.108231,0
10,0.896406,-0.403854,0.182644,0.981071,-0.114528,0.156150,52.141548,0
10,0.888975,-0.419729,0.183168,0.981071,-0.114528,0.156150,52.175568,0
10,0.881403,-0.435705,0.182454,0.981071,-0.114528,0.156150,52.208595,0
10,0.873637,-0.451466,0.181488,0.981071,-0.114528,0.156150,52.241837,0
10,0.866489,-0.465226,0.181002,0.981071,-0.114528,0.156150,52.277100,0
10,0.859056,-0.478640,0.181459,0.981071,-0.114528,0.156150,52.309120,0
10,0.851767,-0.491591,0.181193,0.981071,-0.114528,0.156150,52.340992,0
10,0.844733,-0.503728,0.180789,0.981071,-0.114528,0.156150,52.374691,0
10,0.837356,-0.515642,0.181517,0.981071,-0.114528,0.156150,52.409489,0
10,0.830227,-0.527386,0.180519,0.981071,-0.114528,0.156150,52.440918,0
10,0.823681,-0.538009,0.179155,0.981071,-0.114528,0.156150,52.473873,0
10,0.818464,-0.545362,0.180824,0.981071,-0.114528,0.156150,52.506550,0
10,0.813891,-0.552431,0.180005,0.981071,-0.114528,0.156150,52.540260,0
10,0.809007,-0.559694,0.179587,0.981071,-0.114528,0.156150,52.574097,0
10,0.803484,-0.567382,0.180255,0.981071,-0.114528,0.156150,52.607395,0
10,0.798027,-0.574483,0.181993,0.981071,-0.114528,0.156150,52.641117,0
10,0.792377,-0.582070,0.182574,0.981071,-0.114528,0.156150,52.674881,0
10,0.786794,-0.589674,0.182319,0.981071,-0.114528,0.156150,52.708939,0
10,0.782675,-0.595701,0.180444,0.981071,-0.114528,0.156150,52.743484,0
10,0.779621,-0.599698,0.180427,0.981071,-0.114528,0.156150,52.782513,0
10,0.776918,-0.603150,0.180578,0.981071,-0.114528,0.156150,52.817059,0
10,0.773219,-0.608868,0.177234,0.981071,-0.114528,0.156150,52.852856,0
10,0.767912,-0.616049,0.175486,0.981071,-0.114528,0.156150,52.885777,0
