1,0.988192,0.089590,0.124298,0.934058,-0.333689,0.127231,3.064147,0
1,0.988066,0.086242,0.127627,0.934058,-0.333689,0.127231,3.097555,0
1,0.988026,0.084981,0.128778,0.934058,-0.333689,0.127231,3.131768,0
1,0.987953,0.083900,0.130037,0.934058,-0.333689,0.127231,3.164664,0
1,0.987897,0.082189,0.131545,0.934058,-0.333689,0.127231,3.197246,0
1,0.987783,0.080787,0.133260,0.934058,-0.333689,0.127231,3.230341,0
1,0.987759,0.079420,0.134253,0.934058,-0.333689,0.127231,3.263776,0
1,0.987538,0.077668,0.136880,0.934058,-0.333689,0.127231,3.296924,0
1,0.987116,0.075709,0.140960,0.934058,-0.333689,0.127231,3.330507,0
1,0.987439,0.073662,0.139779,0.934058,-0.333689,0.127231,3.363320,0
1,0.987617,0.071278,0.139758,0.934058,-0.333689,0.127231,3.397988,0
1,0.987964,0.069543,0.138168,0.934058,-0.333689,0.127231,3.431549,0
1,0.988305,0.068845,0.136064,0.934058,-0.333689,0.127231,3.464952,0
1,0.988536,0.068199,0.134704,0.934058,-0.333689,0.127231,3.497232,0
1,0.988538,0.066845,0.135370,0.934058,-0.333689,0.127231,3.531019,0
1,0.988748,0.064769,0.134842,0.934058,-0.333689,0.127231,3.563572,0
1,0.988807,0.062114,0.135654,0.934058,-0.333689,0.127231,3.596847,0
1,0.988779,0.053706,0.139400,0.934058,-0.333689,0.127231,3.629999,0
1,0.988983,0.036660,0.143417,0.934058,-0.333689,0.127231,3.663232,0
1,0.989760,0.008644,0.142477,0.934058,-0.333689,0.127231,3.696828,0
1,0.990106,-0.023015,0.138423,0.934058,-0.333689,0.127231,3.730160,0
1,0.988912,-0.054503,0.138142,0.934058,-0.333689,0.127231,3.763868,0
1,0.987528,-0.082151,0.134310,0.934058,-0.333689,0.127231,3.797040,0
1,0.986173,-0.105629,0.127692,0.934058,-0.333689,0.127231,3.830104,0
1,0.984060,-0.127029,0.124454,0.934058,-0.333689,0.127231,3.864260,0
1,0.981991,-0.144844,0.121298,0.934058,-0.333689,0.127231,3.897112,0
1,0.980612,-0.156041,0.118542,0.934058,-0.333689,0.127231,3.920429,0
1,0.979023,-0.167045,0.116663,0.934058,-0.333689,0.127231,3.942346,0
1,0.977464,-0.177081,0.114916,0.934058,-0.333689,0.127231,3.965352,0
1,0.975777,-0.187304,0.113035,0.934058,-0.333689,0.127231,3.988577,0
1,0.973915,-0.198120,0.110624,0.934058,-0.333689,0.127231,4.012598,0
1,0.972055,-0.207915,0.108995,0.934058,-0.333689,0.127231,4.035885,0
1,0.969887,-0.218379,0.107846,0.934058,-0.333689,0.127231,4.059180,0
1,0.967437,-0.229755,0.106204,0.934058,-0.333689,0.127231,4.082226,0
1,0.963504,-0.246536,0.104311,0.934058,-0.333689,0.127231,4.109701,0
1,0.959631,-0.260728,0.105490,0.934058,-0.333689,0.127231,4.145265,0
1,0.956193,-0.272818,0.106139,0.934058,-0.333689,0.127231,4.175540,0
1,0.952753,-0.284163,0.107299,0.934058,-0.333689,0.127231,4.207776,0
1,0.949608,-0.293573,0.109813,0.934058,-0.333689,0.127231,4.240793,0
1,0.946402,-0.302943,0.112023,0.934058,-0.333689,0.127231,4.273804,0
1,0.943172,-0.312111,0.114077,0.934058,-0.333689,0.127231,4.307607,0
1,0.940111,-0.320574,0.115861,0.934058,-0.333689,0.127231,4.340537,0
1,0.936312,-0.330433,0.118890,0.934058,-0.333689,0.127231,4.374707,0
1,0.930523,-0.344336,0.124742,0.934058,-0.333689,0.127231,4.407320,0
1,0.926074,-0.355760,0.125786,0.934058,-0.333689,0.127231,4.440919,0
1,0.923214,-0.363456,0.124803,0.934058,-0.333689,0.127231,4.474087,0
1,0.921907,-0.366447,0.125716,0.934058,-0.333689,0.127231,4.506861,0
1,0.922061,-0.366225,0.125228,0.934058,-0.333689,0.127231,4.540934,0
1,0.923308,-0.364144,0.122074,0.934058,-0.333689,0.127231,4.575338,0
1,0.924547,-0.361310,0.121113,0.934058,-0.333689,0.127231,4.608044,0
1,0.925530,-0.359523,0.118904,0.934058,-0.333689,0.127231,4.640890,0
1,0.926706,-0.356141,0.119914,0.934058,-0.333689,0.127231,4.674229,0
1,0.927373,-0.353726,0.121887,0.934058,-0.333689,0.127231,4.707917,0
1,0.928556,-0.351091,0.120497,0.934058,-0.333689,0.127231,4.740990,0
1,0.929087,-0.347909,0.125529,0.934058,-0.333689,0.127231,4.774189,0
1,0.929176,-0.347134,0.127006,0.934058,-0.333689,0.127231,4.807242,0
1,0.930245,-0.345959,0.122300,0.934058,-0.333689,0.127231,4.840508,0
1,0.931349,-0.343617,0.120482,0.934058,-0.333689,0.127231,4.873350,0
2,0.949949,-0.289313,0.117881,0.981525,-0.153740,0.113900,8.173553,0
2,0.949783,-0.289554,0.118620,0.981525,-0.153740,0.113900,8.207087,0
2,0.949848,-0.289400,0.118477,0.981525,-0.153740,0.113900,8.240801,0
2,0.949782,-0.289802,0.118025,0.981525,-0.153740,0.113900,8.273606,0
2,0.949710,-0.290318,0.117329,0.981525,-0.153740,0.113900,8.307303,0
2,0.949885,-0.289749,0.117322,0.981525,-0.153740,0.113900,8.340744,0
2,0.950067,-0.288800,0.118185,0.981525,-0.153740,0.113900,8.373610,0
2,0.950196,-0.287785,0.119613,0.981525,-0.153740,0.113900,8.407089,0
2,0.950375,-0.287071,0.119909,0.981525,-0.153740,0.113900,8.440705,0
2,0.950216,-0.287502,0.120135,0.981525,-0.153740,0.113900,8.475023,0
2,0.950361,-0.286783,0.120707,0.981525,-0.153740,0.113900,8.507168,0
2,0.951805,-0.281008,0.122889,0.981525,-0.153740,0.113900,8.540532,0
2,0.958215,-0.256330,0.126960,0.981525,-0.153740,0.113900,8.573508,0
2,0.967955,-0.216735,0.126839,0.981525,-0.153740,0.113900,8.607587,0
2,0.975513,-0.180573,0.125567,0.981525,-0.153740,0.113900,8.641232,0
2,0.980657,-0.152315,0.122933,0.981525,-0.153740,0.113900,8.673416,0
2,0.983190,-0.138354,0.119142,0.981525,-0.153740,0.113900,8.707329,0
2,0.984495,-0.133117,0.114235,0.981525,-0.153740,0.113900,8.740316,0
2,0.984347,-0.137804,0.109866,0.981525,-0.153740,0.113900,8.773515,0
2,0.983954,-0.140180,0.110381,0.981525,-0.153740,0.113900,8.806937,0
2,0.983368,-0.144132,0.110518,0.981525,-0.153740,0.113900,8.840058,0
2,0.982453,-0.150938,0.109563,0.981525,-0.153740,0.113900,8.873260,0
2,0.981999,-0.154271,0.108986,0.981525,-0.153740,0.113900,8.906981,0
2,0.981332,-0.159416,0.107582,0.981525,-0.153740,0.113900,8.940437,0
2,0.981049,-0.160371,0.108737,0.981525,-0.153740,0.113900,8.973219,0
2,0.980758,-0.161750,0.109321,0.981525,-0.153740,0.113900,9.006363,0
2,0.980444,-0.163783,0.109114,0.981525,-0.153740,0.113900,9.039898,0
2,0.980517,-0.162727,0.110029,0.981525,-0.153740,0.113900,9.073002,0
2,0.980291,-0.164172,0.109895,0.981525,-0.153740,0.113900,9.106577,0
2,0.980617,-0.162437,0.109567,0.981525,-0.153740,0.113900,9.140321,0
2,0.980776,-0.162091,0.108655,0.981525,-0.153740,0.113900,9.173717,0
2,0.980850,-0.162015,0.108096,0.981525,-0.153740,0.113900,9.208892,0
2,0.980787,-0.163030,0.107137,0.981525,-0.153740,0.113900,9.239227,0
2,0.980427,-0.165550,0.106569,0.981525,-0.153740,0.113900,9.272271,0
2,0.980248,-0.166013,0.107492,0.981525,-0.153740,0.113900,9.305348,0
2,0.980247,-0.167251,0.105562,0.981525,-0.153740,0.113900,9.338375,0
2,0.980433,-0.166377,0.105212,0.981525,-0.153740,0.113900,9.371765,0
2,0.980358,-0.166810,0.105231,0.981525,-0.153740,0.113900,9.404798,0
3,0.975048,-0.166007,0.147387,0.980479,0.120357,0.155481,12.704943,0
3,0.974708,-0.166731,0.148812,0.980479,0.120357,0.155481,12.738952,0
3,0.974387,-0.167541,0.149999,0.980479,0.120357,0.155481,12.771721,0
3,0.974094,-0.167638,0.151786,0.980479,0.120357,0.155481,12.805104,0
3,0.974149,-0.167948,0.151088,0.980479,0.120357,0.155481,12.838364,0
3,0.974174,-0.168340,0.150487,0.980479,0.120357,0.155481,12.872085,0
3,0.974216,-0.168102,0.150480,0.980479,0.120357,0.155481,12.905172,0
3,0.974344,-0.167671,0.150132,0.980479,0.120357,0.155481,12.938790,0
3,0.974480,-0.167563,0.149369,0.980479,0.120357,0.155481,12.972798,0
3,0.974799,-0.164936,0.150210,0.980479,0.120357,0.155481,13.005080,0
3,0.975628,-0.158096,0.152169,0.980479,0.120357,0.155481,13.038457,0
3,0.977546,-0.141628,0.156029,0.980479,0.120357,0.155481,13.071674,0
3,0.981125,-0.107643,0.160646,0.980479,0.120357,0.155481,13.104662,0
3,0.983971,-0.071573,0.163338,0.980479,0.120357,0.155481,13.138312,0
3,0.985601,-0.038129,0.164734,0.980479,0.120357,0.155481,13.172006,0
3,0.985963,-0.009349,0.166703,0.980479,0.120357,0.155481,13.204885,0
3,0.985619,0.015845,0.168236,0.980479,0.120357,0.155481,13.238800,0
3,0.984765,0.040439,0.169122,0.980479,0.120357,0.155481,13.271931,0
3,0.983960,0.059938,0.168020,0.980479,0.120357,0.155481,13.304769,0
3,0.982774,0.078990,0.167080,0.980479,0.120357,0.155481,13.338658,0
3,0.981564,0.095329,0.165666,0.980479,0.120357,0.155481,13.371408,0
3,0.980300,0.111713,0.162889,0.980479,0.120357,0.155481,13.404682,0
3,0.979424,0.124940,0.158485,0.980479,0.120357,0.155481,13.438127,0
3,0.978368,0.137162,0.154865,0.980479,0.120357,0.155481,13.471927,0
3,0.977180,0.147126,0.153212,0.980479,0.120357,0.155481,13.505078,0
3,0.976301,0.154076,0.151974,0.980479,0.120357,0.155481,13.538062,0
3,0.976348,0.156910,0.148738,0.980479,0.120357,0.155481,13.571563,0
3,0.976637,0.157233,0.146486,0.980479,0.120357,0.155481,13.604619,0
3,0.976854,0.157399,0.144849,0.980479,0.120357,0.155481,13.638206,0
3,0.977537,0.154352,0.143515,0.980479,0.120357,0.155481,13.671497,0
3,0.977553,0.155100,0.142597,0.980479,0.120357,0.155481,13.704758,0
3,0.978358,0.152162,0.140221,0.980479,0.120357,0.155481,13.737934,0
3,0.978189,0.152724,0.140791,0.980479,0.120357,0.155481,13.760473,0
3,0.978169,0.152917,0.140716,0.980479,0.120357,0.155481,13.782788,0
3,0.978790,0.150257,0.139260,0.980479,0.120357,0.155481,13.805720,0
3,0.979080,0.148423,0.139185,0.980479,0.120357,0.155481,13.828485,0
3,0.979175,0.147619,0.139375,0.980479,0.120357,0.155481,13.850014,0
3,0.979653,0.144695,0.139083,0.980479,0.120357,0.155481,13.871516,0
3,0.980205,0.140981,0.139005,0.980479,0.120357,0.155481,13.894630,0
3,0.980355,0.138739,0.140200,0.980479,0.120357,0.155481,13.926584,0
3,0.980639,0.135787,0.141101,0.980479,0.120357,0.155481,13.959869,0
3,0.980857,0.133529,0.141735,0.980479,0.120357,0.155481,13.993949,0
3,0.981239,0.131770,0.140738,0.980479,0.120357,0.155481,14.027497,0
3,0.981716,0.129034,0.139945,0.980479,0.120357,0.155481,14.060575,0
3,0.981659,0.127883,0.141391,0.980479,0.120357,0.155481,14.092990,0
4,0.988777,0.038619,0.144320,0.988429,-0.085781,0.125103,17.590546,0
4,0.988832,0.038533,0.143970,0.988429,-0.085781,0.125103,17.625040,0
4,0.988855,0.039053,0.143670,0.988429,-0.085781,0.125103,17.657831,0
4,0.988796,0.038085,0.144334,0.988429,-0.085781,0.125103,17.690794,0
4,0.988690,0.037673,0.145162,0.988429,-0.085781,0.125103,17.724295,0
4,0.988747,0.037628,0.144787,0.988429,-0.085781,0.125103,17.757719,0
4,0.988691,0.037483,0.145205,0.988429,-0.085781,0.125103,17.791227,0
4,0.988617,0.037400,0.145728,0.988429,-0.085781,0.125103,17.824198,0
4,0.988704,0.036717,0.145317,0.988429,-0.085781,0.125103,17.857737,0
4,0.988795,0.036460,0.144762,0.988429,-0.085781,0.125103,17.891026,0
4,0.988851,0.036820,0.144282,0.988429,-0.085781,0.125103,17.924370,0
4,0.988968,0.036064,0.143675,0.988429,-0.085781,0.125103,17.958427,0
4,0.989399,0.029580,0.142179,0.988429,-0.085781,0.125103,17.991617,0
4,0.989991,0.016192,0.140197,0.988429,-0.085781,0.125103,18.025379,0
4,0.990523,0.005170,0.137253,0.988429,-0.085781,0.125103,18.058170,0
4,0.991096,-0.013978,0.132415,0.988429,-0.085781,0.125103,18.091061,0
4,0.991191,-0.030826,0.128801,0.988429,-0.085781,0.125103,18.124561,0
4,0.991158,-0.038006,0.127127,0.988429,-0.085781,0.125103,18.157528,0
4,0.990923,-0.046120,0.126271,0.988429,-0.085781,0.125103,18.191475,0
4,0.991251,-0.046299,0.123603,0.988429,-0.085781,0.125103,18.223957,0
4,0.991320,-0.046497,0.122971,0.988429,-0.085781,0.125103,18.257650,0
4,0.991365,-0.040943,0.124573,0.988429,-0.085781,0.125103,18.290777,0
4,0.991455,-0.038941,0.124500,0.988429,-0.085781,0.125103,18.324421,0
4,0.991382,-0.035158,0.126196,0.988429,-0.085781,0.125103,18.357321,0
4,0.991412,-0.033033,0.126535,0.988429,-0.085781,0.125103,18.390903,0
4,0.991366,-0.036668,0.125890,0.988429,-0.085781,0.125103,18.423847,0
4,0.991434,-0.037998,0.124958,0.988429,-0.085781,0.125103,18.457596,0
4,0.991560,-0.041583,0.122802,0.988429,-0.085781,0.125103,18.490963,0
4,0.991353,-0.049580,0.121498,0.988429,-0.085781,0.125103,18.524260,0
4,0.991065,-0.055192,0.121422,0.988429,-0.085781,0.125103,18.557255,0
4,0.990701,-0.059431,0.122387,0.988429,-0.085781,0.125103,18.591312,0
4,0.990600,-0.059225,0.123306,0.988429,-0.085781,0.125103,18.624472,0
4,0.990315,-0.061372,0.124540,0.988429,-0.085781,0.125103,18.657455,0
4,0.990200,-0.064949,0.123636,0.988429,-0.085781,0.125103,18.691082,0
5,0.989460,-0.065183,0.129307,0.966523,0.227340,0.118953,22.222145,0
5,0.989418,-0.065099,0.129666,0.966523,0.227340,0.118953,22.255981,0
5,0.989617,-0.065173,0.128107,0.966523,0.227340,0.118953,22.288853,0
5,0.989729,-0.065698,0.126964,0.966523,0.227340,0.118953,22.322739,0
5,0.989454,-0.066574,0.128640,0.966523,0.227340,0.118953,22.355614,0
5,0.989277,-0.067484,0.129526,0.966523,0.227340,0.118953,22.388832,0
5,0.989464,-0.067047,0.128321,0.966523,0.227340,0.118953,22.422567,0
5,0.989397,-0.066286,0.129228,0.966523,0.227340,0.118953,22.456205,0
5,0.989526,-0.065365,0.128708,0.966523,0.227340,0.118953,22.489210,0
5,0.989540,-0.064966,0.128801,0.966523,0.227340,0.118953,22.522253,0
5,0.989613,-0.062526,0.129445,0.966523,0.227340,0.118953,22.555176,0
5,0.989808,-0.050395,0.133191,0.966523,0.227340,0.118953,22.588179,0
5,0.990407,-0.021800,0.136450,0.966523,0.227340,0.118953,22.622246,0
5,0.990393,0.008138,0.138044,0.966523,0.227340,0.118953,22.655115,0
5,0.989454,0.040582,0.139048,0.966523,0.227340,0.118953,22.688707,0
5,0.988283,0.066284,0.137492,0.966523,0.227340,0.118953,22.722284,0
5,0.987207,0.087712,0.133150,0.966523,0.227340,0.118953,22.756983,0
5,0.986170,0.104657,0.128517,0.966523,0.227340,0.118953,22.788799,0
5,0.985592,0.116496,0.122630,0.966523,0.227340,0.118953,22.822140,0
5,0.985332,0.125992,0.115095,0.966523,0.227340,0.118953,22.855219,0
5,0.985859,0.128105,0.108036,0.966523,0.227340,0.118953,22.888374,0
5,0.985590,0.131905,0.105893,0.966523,0.227340,0.118953,22.922323,0
5,0.985181,0.136370,0.104028,0.966523,0.227340,0.118953,22.955709,0
5,0.983888,0.146654,0.102256,0.966523,0.227340,0.118953,22.987894,0
5,0.981719,0.161224,0.101168,0.966523,0.227340,0.118953,23.021860,0
5,0.978489,0.179610,0.101491,0.966523,0.227340,0.118953,23.056026,0
5,0.974967,0.198087,0.100998,0.966523,0.227340,0.118953,23.088722,0
5,0.971218,0.216195,0.099979,0.966523,0.227340,0.118953,23.122736,0
5,0.968367,0.229777,0.097300,0.966523,0.227340,0.118953,23.155378,0
5,0.966465,0.238561,0.095050,0.966523,0.227340,0.118953,23.189342,0
5,0.964923,0.245278,0.093612,0.966523,0.227340,0.118953,23.221460,0
5,0.965135,0.245087,0.091909,0.966523,0.227340,0.118953,23.254259,0
5,0.965372,0.244225,0.091709,0.966523,0.227340,0.118953,23.287811,0
5,0.966058,0.241827,0.090841,0.966523,0.227340,0.118953,23.321161,0
5,0.967115,0.237515,0.090964,0.966523,0.227340,0.118953,23.354263,0
5,0.966880,0.237959,0.092294,0.966523,0.227340,0.118953,23.387575,0
5,0.967546,0.235441,0.091768,0.966523,0.227340,0.118953,23.422146,0
5,0.967402,0.235816,0.092323,0.966523,0.227340,0.118953,23.455173,0
5,0.967766,0.233555,0.094235,0.966523,0.227340,0.118953,23.488062,0
5,0.967637,0.232754,0.097490,0.966523,0.227340,0.118953,23.521757,0
5,0.968680,0.228628,0.096892,0.966523,0.227340,0.118953,23.554363,0
5,0.969115,0.226405,0.097758,0.966523,0.227340,0.118953,23.587742,0
5,0.969744,0.223081,0.099156,0.966523,0.227340,0.118953,23.620972,0
5,0.970752,0.218540,0.099406,0.966523,0.227340,0.118953,23.655025,0
5,0.971144,0.216681,0.099640,0.966523,0.227340,0.118953,23.687693,0
5,0.971702,0.214128,0.099723,0.966523,0.227340,0.118953,23.721701,0
5,0.971309,0.215275,0.101070,0.966523,0.227340,0.118953,23.754465,0
5,0.972317,0.211077,0.100229,0.966523,0.227340,0.118953,23.789459,0
5,0.972065,0.211421,0.101938,0.966523,0.227340,0.118953,23.820940,0
6,0.990496,0.072500,0.116881,0.990809,-0.084342,0.105753,26.997669,0
6,0.990615,0.073008,0.115553,0.990809,-0.084342,0.105753,27.031866,0
6,0.990555,0.073868,0.115517,0.990809,-0.084342,0.105753,27.065710,0
6,0.990487,0.074888,0.115446,0.990809,-0.084342,0.105753,27.098770,0
6,0.990568,0.074386,0.115076,0.990809,-0.084342,0.105753,27.131641,0
6,0.990605,0.073910,0.115060,0.990809,-0.084342,0.105753,27.165056,0
6,0.990564,0.072655,0.116205,0.990809,-0.084342,0.105753,27.197895,0
6,0.990580,0.071800,0.116599,0.990809,-0.084342,0.105753,27.231285,0
6,0.990637,0.071058,0.116570,0.990809,-0.084342,0.105753,27.264963,0
6,0.990744,0.068941,0.116937,0.990809,-0.084342,0.105753,27.298275,0
6,0.990932,0.067290,0.116297,0.990809,-0.084342,0.105753,27.331369,0
6,0.991441,0.060411,0.115738,0.990809,-0.084342,0.105753,27.364450,0
6,0.992154,0.045109,0.116603,0.990809,-0.084342,0.105753,27.398397,0
6,0.993032,0.006611,0.117660,0.990809,-0.084342,0.105753,27.431442,0
6,0.992621,-0.029830,0.117531,0.990809,-0.084342,0.105753,27.464840,0
6,0.991868,-0.053774,0.115349,0.990809,-0.084342,0.105753,27.498959,0
6,0.991169,-0.074681,0.109579,0.990809,-0.084342,0.105753,27.531677,0
6,0.990753,-0.087833,0.103411,0.990809,-0.084342,0.105753,27.564867,0
6,0.990579,-0.095861,0.097792,0.990809,-0.084342,0.105753,27.597860,0
6,0.990608,-0.099530,0.093748,0.990809,-0.084342,0.105753,27.631474,0
6,0.991419,-0.092189,0.092676,0.990809,-0.084342,0.105753,27.664740,0
7,0.991804,-0.065441,0.109740,0.899866,0.423741,0.103366,30.852007,0
7,0.991822,-0.065756,0.109383,0.899866,0.423741,0.103366,30.885803,0
7,0.991869,-0.065307,0.109226,0.899866,0.423741,0.103366,30.919088,0
7,0.991996,-0.064681,0.108444,0.899866,0.423741,0.103366,30.952499,0
7,0.992084,-0.064430,0.107789,0.899866,0.423741,0.103366,30.986160,0
7,0.992113,-0.064387,0.107549,0.899866,0.423741,0.103366,31.019318,0
7,0.992127,-0.063922,0.107695,0.899866,0.423741,0.103366,31.051752,0
7,0.992095,-0.063012,0.108522,0.899866,0.423741,0.103366,31.085178,0
7,0.992152,-0.061725,0.108741,0.899866,0.423741,0.103366,31.119396,0
7,0.992252,-0.059838,0.108883,0.899866,0.423741,0.103366,31.152023,0
7,0.992231,-0.054971,0.111605,0.899866,0.423741,0.103366,31.185244,0
7,0.992635,-0.037950,0.115048,0.899866,0.423741,0.103366,31.219093,0
7,0.992654,-0.002045,0.120969,0.899866,0.423741,0.103366,31.251892,0
7,0.991190,0.046536,0.124003,0.899866,0.423741,0.103366,31.284967,0
7,0.987101,0.101178,0.124074,0.899866,0.423741,0.103366,31.318567,0
7,0.981559,0.146190,0.123169,0.899866,0.423741,0.103366,31.340578,0
7,0.976061,0.180615,0.121178,0.899866,0.423741,0.103366,31.363194,0
7,0.970509,0.210093,0.118211,0.899866,0.423741,0.103366,31.386654,0
7,0.964864,0.236540,0.114396,0.899866,0.423741,0.103366,31.409975,0
7,0.959574,0.259198,0.109702,0.899866,0.423741,0.103366,31.432087,0
7,0.955293,0.276482,0.104752,0.899866,0.423741,0.103366,31.454210,0
7,0.951210,0.292133,0.099287,0.899866,0.423741,0.103366,31.477015,0
7,0.945392,0.312923,0.091180,0.899866,0.423741,0.103366,31.507309,0
7,0.940504,0.328999,0.084924,0.899866,0.423741,0.103366,31.540642,0
7,0.933643,0.349083,0.080325,0.899866,0.423741,0.103366,31.574055,0
7,0.927066,0.366870,0.077175,0.899866,0.423741,0.103366,31.606752,0
7,0.919432,0.385848,0.075938,0.899866,0.423741,0.103366,31.640711,0
7,0.911859,0.403836,0.073687,0.899866,0.423741,0.103366,31.673834,0
7,0.903948,0.421475,0.072363,0.899866,0.423741,0.103366,31.707205,0
7,0.897115,0.436099,0.070719,0.899866,0.423741,0.103366,31.740427,0
7,0.890796,0.449049,0.069548,0.899866,0.423741,0.103366,31.773340,0
7,0.885360,0.459751,0.069050,0.899866,0.423741,0.103366,31.808128,0
7,0.881983,0.466641,0.065969,0.899866,0.423741,0.103366,31.840586,0
7,0.881158,0.468451,0.064143,0.899866,0.423741,0.103366,31.873289,0
7,0.881354,0.468076,0.064181,0.899866,0.423741,0.103366,31.907448,0
7,0.882941,0.464944,0.065138,0.899866,0.423741,0.103366,31.941481,0
7,0.885226,0.460459,0.065968,0.899866,0.423741,0.103366,31.973297,0
7,0.886481,0.457546,0.069299,0.899866,0.423741,0.103366,32.005825,0
7,0.887328,0.455499,0.071903,0.899866,0.423741,0.103366,32.039597,0
7,0.888077,0.453430,0.075629,0.899866,0.423741,0.103366,32.072968,0
7,0.889407,0.450203,0.079204,0.899866,0.423741,0.103366,32.107101,0
7,0.890554,0.447162,0.083420,0.899866,0.423741,0.103366,32.139584,0
7,0.890172,0.446179,0.092293,0.899866,0.423741,0.103366,32.172874,0
7,0.889216,0.445584,0.103680,0.899866,0.423741,0.103366,32.205799,0
7,0.887740,0.446408,0.112417,0.899866,0.423741,0.103366,32.239914,0
7,0.886076,0.447862,0.119536,0.899866,0.423741,0.103366,32.272835,0
7,0.885117,0.448929,0.122598,0.899866,0.423741,0.103366,32.305565,0
7,0.885299,0.448369,0.123333,0.899866,0.423741,0.103366,32.339043,0
7,0.886629,0.446185,0.121688,0.899866,0.423741,0.103366,32.372223,0
7,0.888304,0.443458,0.119422,0.899866,0.423741,0.103366,32.405773,0
7,0.890403,0.439495,0.118435,0.899866,0.423741,0.103366,32.438896,0
7,0.892028,0.436307,0.117995,0.899866,0.423741,0.103366,32.472717,0
7,0.893656,0.433317,0.116686,0.899866,0.423741,0.103366,32.505558,0
8,0.985794,0.103779,0.132059,0.978726,0.165635,0.121079,35.937981,0
8,0.985853,0.103337,0.131971,0.978726,0.165635,0.121079,35.972076,0
8,0.985871,0.102952,0.132136,0.978726,0.165635,0.121079,36.004932,0
8,0.985880,0.102783,0.132201,0.978726,0.165635,0.121079,36.038155,0
8,0.985905,0.102489,0.132239,0.978726,0.165635,0.121079,36.071327,0
8,0.986004,0.102714,0.131325,0.978726,0.165635,0.121079,36.104706,0
8,0.986026,0.102101,0.131636,0.978726,0.165635,0.121079,36.138561,0
8,0.986064,0.102329,0.131175,0.978726,0.165635,0.121079,36.171780,0
8,0.986293,0.102055,0.129658,0.978726,0.165635,0.121079,36.204708,0
8,0.986347,0.101502,0.129680,0.978726,0.165635,0.121079,36.238384,0
8,0.985346,0.106949,0.132871,0.978726,0.165635,0.121079,36.271648,0
8,0.982839,0.126642,0.134123,0.978726,0.165635,0.121079,36.304676,0
8,0.980637,0.145396,0.131189,0.978726,0.165635,0.121079,36.338337,0
8,0.978393,0.161839,0.128669,0.978726,0.165635,0.121079,36.371658,0
8,0.976620,0.174779,0.125163,0.978726,0.165635,0.121079,36.404255,0
8,0.975317,0.184142,0.121851,0.978726,0.165635,0.121079,36.438019,0
8,0.974962,0.188258,0.118359,0.978726,0.165635,0.121079,36.471115,0
8,0.975016,0.189041,0.116655,0.978726,0.165635,0.121079,36.504852,0
8,0.974952,0.189516,0.116415,0.978726,0.165635,0.121079,36.538143,0
8,0.975005,0.188546,0.117540,0.978726,0.165635,0.121079,36.560966,0
8,0.975152,0.187630,0.117781,0.978726,0.165635,0.121079,36.583660,0
8,0.975195,0.187002,0.118429,0.978726,0.165635,0.121079,36.606148,0
8,0.975156,0.186509,0.119516,0.978726,0.165635,0.121079,36.628983,0
8,0.975167,0.185640,0.120776,0.978726,0.165635,0.121079,36.651810,0
8,0.975290,0.184422,0.121644,0.978726,0.165635,0.121079,36.673836,0
8,0.975405,0.182930,0.122969,0.978726,0.165635,0.121079,36.705143,0
8,0.975552,0.182264,0.122794,0.978726,0.165635,0.121079,36.738098,0
8,0.976118,0.179904,0.121772,0.978726,0.165635,0.121079,36.771553,0
8,0.976447,0.178254,0.121562,0.978726,0.165635,0.121079,36.804661,0
8,0.976456,0.177660,0.122356,0.978726,0.165635,0.121079,36.838070,0
8,0.976742,0.176395,0.121900,0.978726,0.165635,0.121079,36.873257,0
8,0.976755,0.176253,0.122003,0.978726,0.165635,0.121079,36.903332,0
8,0.976713,0.176655,0.121761,0.978726,0.165635,0.121079,36.936687,0
9,0.988148,0.111482,0.105526,0.986437,-0.112177,0.119825,40.069920,0
9,0.988423,0.109743,0.104769,0.986437,-0.112177,0.119825,40.103718,0
9,0.988417,0.108942,0.105661,0.986437,-0.112177,0.119825,40.136269,0
9,0.988434,0.107719,0.106745,0.986437,-0.112177,0.119825,40.169640,0
9,0.988591,0.106726,0.106290,0.986437,-0.112177,0.119825,40.202282,0
9,0.988542,0.106446,0.107021,0.986437,-0.112177,0.119825,40.235973,0
9,0.988456,0.106819,0.107440,0.986437,-0.112177,0.119825,40.269581,0
9,0.988465,0.106559,0.107620,0.986437,-0.112177,0.119825,40.302670,0
9,0.988431,0.106637,0.107857,0.986437,-0.112177,0.119825,40.336102,0
9,0.988418,0.106754,0.107861,0.986437,-0.112177,0.119825,40.370121,0
9,0.988473,0.106664,0.107439,0.986437,-0.112177,0.119825,40.402710,0
9,0.988369,0.107010,0.108051,0.986437,-0.112177,0.119825,40.436062,0
9,0.988838,0.101037,0.109504,0.986437,-0.112177,0.119825,40.470013,0
9,0.990514,0.081476,0.110654,0.986437,-0.112177,0.119825,40.502487,0
9,0.991494,0.069153,0.110263,0.986437,-0.112177,0.119825,40.524967,0
9,0.992182,0.057882,0.110566,0.986437,-0.112177,0.119825,40.547649,0
9,0.992943,0.042812,0.110592,0.986437,-0.112177,0.119825,40.570698,0
9,0.993665,0.025952,0.109345,0.986437,-0.112177,0.119825,40.594639,0
9,0.994122,0.011048,0.107700,0.986437,-0.112177,0.119825,40.618252,0
9,0.994372,-0.003529,0.105882,0.986437,-0.112177,0.119825,40.640659,0
9,0.994385,-0.018134,0.104256,0.986437,-0.112177,0.119825,40.663040,0
9,0.993977,-0.037106,0.103113,0.986437,-0.112177,0.119825,40.691746,0
9,0.993447,-0.049474,0.103030,0.986437,-0.112177,0.119825,40.726154,0
9,0.993030,-0.058141,0.102520,0.986437,-0.112177,0.119825,40.759411,0
9,0.992812,-0.060565,0.103226,0.986437,-0.112177,0.119825,40.792137,0
9,0.992554,-0.064854,0.103105,0.986437,-0.112177,0.119825,40.824562,0
9,0.992460,-0.067546,0.102282,0.986437,-0.112177,0.119825,40.857666,0
9,0.991863,-0.075827,0.102262,0.986437,-0.112177,0.119825,40.891083,0
9,0.991321,-0.081496,0.103159,0.986437,-0.112177,0.119825,40.924908,0
9,0.990589,-0.087771,0.105022,0.986437,-0.112177,0.119825,40.957657,0
9,0.989830,-0.094647,0.106203,0.986437,-0.112177,0.119825,40.990318,0
9,0.989411,-0.097528,0.107494,0.986437,-0.112177,0.119825,41.023502,0
9,0.988940,-0.101740,0.107921,0.986437,-0.112177,0.119825,41.056915,0
9,0.988765,-0.102659,0.108653,0.986437,-0.112177,0.119825,41.090412,0
9,0.988670,-0.102365,0.109783,0.986437,-0.112177,0.119825,41.123661,0
9,0.988685,-0.100828,0.111068,0.986437,-0.112177,0.119825,41.157036,0
9,0.988609,-0.098885,0.113463,0.986437,-0.112177,0.119825,41.190266,0
9,0.988605,-0.098202,0.114094,0.986437,-0.112177,0.119825,41.223824,0
9,0.988845,-0.095213,0.114546,0.986437,-0.112177,0.119825,41.257107,0
9,0.988902,-0.092690,0.116109,0.986437,-0.112177,0.119825,41.290470,0
9,0.989134,-0.089044,0.116985,0.986437,-0.112177,0.119825,41.324036,0
9,0.989387,-0.085725,0.117323,0.986437,-0.112177,0.119825,41.356789,0
9,0.989660,-0.082203,0.117538,0.986437,-0.112177,0.119825,41.390808,0
9,0.989917,-0.078914,0.117631,0.986437,-0.112177,0.119825,41.423386,0
9,0.990073,-0.077675,0.117138,0.986437,-0.112177,0.119825,41.457043,0
9,0.990244,-0.075690,0.116993,0.986437,-0.112177,0.119825,41.490295,0
9,0.990296,-0.074492,0.117326,0.986437,-0.112177,0.119825,41.523438,0
9,0.990235,-0.074224,0.118003,0.986437,-0.112177,0.119825,41.556950,0
9,0.990208,-0.072775,0.119128,0.986437,-0.112177,0.119825,41.590607,0
9,0.990046,-0.073168,0.120230,0.986437,-0.112177,0.119825,41.623619,0
9,0.989921,-0.073918,0.120800,0.986437,-0.112177,0.119825,41.657822,0
9,0.989862,-0.074683,0.120809,0.986437,-0.112177,0.119825,41.689968,0
10,0.986470,-0.119436,0.112305,0.917069,-0.382535,0.112474,44.887878,0
10,0.986555,-0.118309,0.112746,0.917069,-0.382535,0.112474,44.921951,0
10,0.986615,-0.117577,0.112988,0.917069,-0.382535,0.112474,44.955097,0
10,0.986744,-0.116559,0.112914,0.917069,-0.382535,0.112474,44.989544,0
10,0.986867,-0.115894,0.112529,0.917069,-0.382535,0.112474,45.023056,0
10,0.987090,-0.112746,0.113758,0.917069,-0.382535,0.112474,45.055889,0
10,0.987577,-0.107573,0.114543,0.917069,-0.382535,0.112474,45.090088,0
10,0.988847,-0.093512,0.115916,0.917069,-0.382535,0.112474,45.122948,0
10,0.990582,-0.071326,0.116879,0.917069,-0.382535,0.112474,45.156105,0
10,0.992140,-0.042565,0.117667,0.917069,-0.382535,0.112474,45.189545,0
10,0.993115,-0.013128,0.116406,0.917069,-0.382535,0.112474,45.222610,0
10,0.993362,0.009738,0.114613,0.917069,-0.382535,0.112474,45.256165,0
10,0.993332,0.024669,0.112620,0.917069,-0.382535,0.112474,45.288841,0
10,0.993325,0.031626,0.110930,0.917069,-0.382535,0.112474,45.322392,0
10,0.993712,0.024597,0.109227,0.917069,-0.382535,0.112474,45.355598,0
10,0.994270,0.006494,0.106701,0.917069,-0.382535,0.112474,45.389004,0
10,0.994226,-0.021160,0.105202,0.917069,-0.382535,0.112474,45.422173,0
10,0.993034,-0.056048,0.103645,0.917069,-0.382535,0.112474,45.455143,0
10,0.990701,-0.090428,0.101654,0.917069,-0.382535,0.112474,45.489140,0
10,0.985630,-0.134995,0.101539,0.917069,-0.382535,0.112474,45.522102,0
10,0.979596,-0.173286,0.101804,0.917069,-0.382535,0.112474,45.555473,0
10,0.970955,-0.216124,0.102647,0.917069,-0.382535,0.112474,45.588936,0
10,0.961120,-0.255956,0.103611,0.917069,-0.382535,0.112474,45.622059,0
10,0.953644,-0.281352,0.106788,0.917069,-0.382535,0.112474,45.655430,0
10,0.947234,-0.302317,0.106548,0.917069,-0.382535,0.112474,45.689182,0
10,0.941788,-0.318446,0.107831,0.917069,-0.382535,0.112474,45.721935,0
10,0.936768,-0.333130,0.107194,0.917069,-0.382535,0.112474,45.755035,0
10,0.928757,-0.354049,0.109819,0.917069,-0.382535,0.112474,45.789539,0
10,0.922088,-0.370044,0.113228,0.917069,-0.382535,0.112474,45.822208,0
10,0.917015,-0.381921,0.114976,0.917069,-0.382535,0.112474,45.856300,0
10,0.912161,-0.393396,0.114896,0.917069,-0.382535,0.112474,45.891209,0
10,0.910780,-0.396954,0.113612,0.917069,-0.382535,0.112474,45.921253,0
10,0.910364,-0.398385,0.111925,0.917069,-0.382535,0.112474,45.954872,0
10,0.910572,-0.398205,0.110871,0.917069,-0.382535,0.112474,45.989586,0
10,0.912289,-0.394592,0.109659,0.917069,-0.382535,0.112474,46.022079,0
10,0.913498,-0.391267,0.111501,0.917069,-0.382535,0.112474,46.055069,0
10,0.913773,-0.390480,0.112000,0.917069,-0.382535,0.112474,46.088055,0
10,0.915641,-0.386246,0.111423,0.917069,-0.382535,0.112474,46.121140,0
10,0.916552,-0.383852,0.112202,0.917069,-0.382535,0.112474,46.154636,0
10,0.917385,-0.381990,0.111754,0.917069,-0.382535,0.112474,46.189209,0
10,0.919375,-0.377775,0.109705,0.917069,-0.382535,0.112474,46.221325,0
10,0.921281,-0.373585,0.108052,0.917069,-0.382535,0.112474,46.254387,0
