1,0.988969,-0.139904,0.048661,0.949859,0.294292,0.105638,2.598139,0
1,0.988975,-0.139863,0.048655,0.949859,0.294292,0.105638,2.632351,0
1,0.988945,-0.140061,0.048685,0.949859,0.294292,0.105638,2.665073,0
1,0.988936,-0.140076,0.048821,0.949859,0.294292,0.105638,2.699010,0
1,0.988978,-0.139706,0.049036,0.949859,0.294292,0.105638,2.732496,0
1,0.989057,-0.139257,0.048719,0.949859,0.294292,0.105638,2.765239,0
1,0.988990,-0.139565,0.049193,0.949859,0.294292,0.105638,2.798384,0
1,0.988865,-0.140463,0.049158,0.949859,0.294292,0.105638,2.831560,0
1,0.988745,-0.141067,0.049833,0.949859,0.294292,0.105638,2.864694,0
1,0.988767,-0.141037,0.049478,0.949859,0.294292,0.105638,2.899592,0
1,0.988888,-0.140349,0.049013,0.949859,0.294292,0.105638,2.931392,0
1,0.988999,-0.139723,0.048554,0.949859,0.294292,0.105638,2.964194,0
1,0.989062,-0.139396,0.048226,0.949859,0.294292,0.105638,2.998186,0
1,0.989008,-0.139745,0.048323,0.949859,0.294292,0.105638,3.032525,0
1,0.989056,-0.139067,0.049279,0.949859,0.294292,0.105638,3.064207,0
1,0.990503,-0.127286,0.051985,0.949859,0.294292,0.105638,3.097434,0
1,0.993394,-0.101664,0.053220,0.949859,0.294292,0.105638,3.130940,0
1,0.995660,-0.076648,0.052792,0.949859,0.294292,0.105638,3.163626,0
1,0.997185,-0.053347,0.052686,0.949859,0.294292,0.105638,3.197231,0
1,0.998204,-0.028671,0.052606,0.949859,0.294292,0.105638,3.230306,0
1,0.998533,-0.002081,0.054105,0.949859,0.294292,0.105638,3.263718,0
1,0.997941,0.028718,0.057347,0.949859,0.294292,0.105638,3.297167,0
1,0.996213,0.061490,0.061472,0.949859,0.294292,0.105638,3.329953,0
1,0.992421,0.103908,0.065611,0.949859,0.294292,0.105638,3.363869,0
1,0.986734,0.146747,0.069435,0.949859,0.294292,0.105638,3.397262,0
1,0.980901,0.180627,0.072161,0.949859,0.294292,0.105638,3.430972,0
1,0.974834,0.210774,0.072621,0.949859,0.294292,0.105638,3.463756,0
1,0.970706,0.229448,0.071301,0.949859,0.294292,0.105638,3.497094,0
1,0.966577,0.246209,0.071485,0.949859,0.294292,0.105638,3.530615,0
1,0.963753,0.257265,0.070680,0.949859,0.294292,0.105638,3.563741,0
1,0.962211,0.263037,0.070440,0.949859,0.294292,0.105638,3.597165,0
1,0.961717,0.264855,0.070370,0.949859,0.294292,0.105638,3.630058,0
1,0.962083,0.263394,0.070849,0.949859,0.294292,0.105638,3.663893,0
1,0.963740,0.257029,0.071702,0.949859,0.294292,0.105638,3.696927,0
1,0.965853,0.248261,0.074129,0.949859,0.294292,0.105638,3.729984,0
1,0.968814,0.235414,0.077333,0.949859,0.294292,0.105638,3.763298,0
1,0.971489,0.222983,0.080540,0.949859,0.294292,0.105638,3.797107,0
1,0.975358,0.204491,0.082827,0.949859,0.294292,0.105638,3.830302,0
1,0.979120,0.185073,0.084096,0.949859,0.294292,0.105638,3.863486,0
1,0.981385,0.171441,0.086552,0.949859,0.294292,0.105638,3.896877,0
1,0.983301,0.159032,0.088475,0.949859,0.294292,0.105638,3.930191,0
1,0.983979,0.153594,0.090526,0.949859,0.294292,0.105638,3.964063,0
1,0.984224,0.151092,0.092055,0.949859,0.294292,0.105638,3.997590,0
1,0.983775,0.152522,0.094468,0.949859,0.294292,0.105638,4.030366,0
1,0.983346,0.154665,0.095439,0.949859,0.294292,0.105638,4.063609,0
1,0.983518,0.154493,0.093936,0.949859,0.294292,0.105638,4.097052,0
1,0.983470,0.154091,0.095091,0.949859,0.294292,0.105638,4.130497,0
1,0.983243,0.154808,0.096273,0.949859,0.294292,0.105638,4.164216,0
1,0.983521,0.153437,0.095625,0.949859,0.294292,0.105638,4.197359,0
1,0.983521,0.151642,0.098440,0.949859,0.294292,0.105638,4.230818,0
1,0.982976,0.151885,0.103388,0.949859,0.294292,0.105638,4.264158,0
1,0.982963,0.150681,0.105254,0.949859,0.294292,0.105638,4.297828,0
1,0.983438,0.148692,0.103632,0.949859,0.294292,0.105638,4.332644,0
1,0.984107,0.146885,0.099794,0.949859,0.294292,0.105638,4.363101,0
1,0.984748,0.145285,0.095729,0.949859,0.294292,0.105638,4.396297,0
1,0.984985,0.143786,0.095554,0.949859,0.294292,0.105638,4.429421,0
1,0.985176,0.142363,0.095713,0.949859,0.294292,0.105638,4.462770,0
1,0.985387,0.141551,0.094744,0.949859,0.294292,0.105638,4.497062,0
2,0.990613,-0.135643,0.016942,0.986704,-0.120357,0.109220,7.829158,0
2,0.990614,-0.135631,0.016964,0.986704,-0.120357,0.109220,7.863387,0
2,0.990707,-0.134962,0.016879,0.986704,-0.120357,0.109220,7.896376,0
2,0.990906,-0.133480,0.016981,0.986704,-0.120357,0.109220,7.929312,0
2,0.991010,-0.132634,0.017525,0.986704,-0.120357,0.109220,7.964032,0
2,0.990918,-0.133296,0.017684,0.986704,-0.120357,0.109220,7.996614,0
2,0.990857,-0.133778,0.017510,0.986704,-0.120357,0.109220,8.029019,0
2,0.990764,-0.134493,0.017302,0.986704,-0.120357,0.109220,8.063183,0
2,0.990803,-0.134318,0.016395,0.986704,-0.120357,0.109220,8.096830,0
2,0.990852,-0.134061,0.015488,0.986704,-0.120357,0.109220,8.129720,0
2,0.990838,-0.134138,0.015687,0.986704,-0.120357,0.109220,8.161372,0
2,0.990841,-0.134105,0.015838,0.986704,-0.120357,0.109220,8.194575,0
2,0.990842,-0.134003,0.016568,0.986704,-0.120357,0.109220,8.228401,0
2,0.990983,-0.132926,0.016821,0.986704,-0.120357,0.109220,8.261078,0
2,0.991301,-0.130494,0.017125,0.986704,-0.120357,0.109220,8.294361,0
2,0.991620,-0.128099,0.016745,0.986704,-0.120357,0.109220,8.328248,0
2,0.992148,-0.123981,0.016438,0.986704,-0.120357,0.109220,8.361169,0
2,0.993220,-0.115156,0.015906,0.986704,-0.120357,0.109220,8.395823,0
2,0.994396,-0.104451,0.016322,0.986704,-0.120357,0.109220,8.428271,0
2,0.995699,-0.091029,0.017229,0.986704,-0.120357,0.109220,8.461699,0
2,0.996871,-0.076767,0.018862,0.986704,-0.120357,0.109220,8.494922,0
2,0.997930,-0.060961,0.020476,0.986704,-0.120357,0.109220,8.527972,0
2,0.998796,-0.044254,0.021158,0.986704,-0.120357,0.109220,8.561089,0
2,0.999432,-0.026454,0.020876,0.986704,-0.120357,0.109220,8.594593,0
2,0.999792,-0.005074,0.019742,0.986704,-0.120357,0.109220,8.627989,0
2,0.999668,0.017773,0.018648,0.986704,-0.120357,0.109220,8.660975,0
2,0.998839,0.044721,0.017923,0.986704,-0.120357,0.109220,8.694102,0
2,0.997512,0.068536,0.016517,0.986704,-0.120357,0.109220,8.727726,0
2,0.995820,0.089767,0.016844,0.986704,-0.120357,0.109220,8.761592,0
2,0.993835,0.109504,0.017356,0.986704,-0.120357,0.109220,8.794551,0
2,0.992502,0.121031,0.017063,0.986704,-0.120357,0.109220,8.828564,0
2,0.991874,0.126042,0.017281,0.986704,-0.120357,0.109220,8.861202,0
2,0.992374,0.122078,0.017059,0.986704,-0.120357,0.109220,8.894137,0
2,0.993788,0.109886,0.017615,0.986704,-0.120357,0.109220,8.927585,0
2,0.995397,0.094105,0.018145,0.986704,-0.120357,0.109220,8.961137,0
2,0.997149,0.073153,0.018502,0.986704,-0.120357,0.109220,8.995119,0
2,0.998776,0.046374,0.017198,0.986704,-0.120357,0.109220,9.027754,0
2,0.999758,0.016313,0.014731,0.986704,-0.120357,0.109220,9.061092,0
2,0.999804,-0.014681,0.013259,0.986704,-0.120357,0.109220,9.094639,0
2,0.998857,-0.046053,0.012810,0.986704,-0.120357,0.109220,9.127738,0
2,0.996959,-0.076797,0.013215,0.986704,-0.120357,0.109220,9.160572,0
2,0.994244,-0.106269,0.013619,0.986704,-0.120357,0.109220,9.194731,0
2,0.990861,-0.134140,0.014164,0.986704,-0.120357,0.109220,9.227993,0
2,0.987179,-0.158894,0.015144,0.986704,-0.120357,0.109220,9.261117,0
2,0.983505,-0.180186,0.015809,0.986704,-0.120357,0.109220,9.294884,0
2,0.980421,-0.196288,0.015707,0.986704,-0.120357,0.109220,9.327733,0
2,0.977927,-0.208388,0.015262,0.986704,-0.120357,0.109220,9.361030,0
2,0.976391,-0.215406,0.016153,0.986704,-0.120357,0.109220,9.394839,0
2,0.975988,-0.217232,0.016044,0.986704,-0.120357,0.109220,9.427977,0
2,0.976720,-0.213963,0.015401,0.986704,-0.120357,0.109220,9.461415,0
2,0.978685,-0.204873,0.014259,0.986704,-0.120357,0.109220,9.494628,0
2,0.981667,-0.190175,0.012758,0.986704,-0.120357,0.109220,9.528543,0
2,0.984597,-0.174406,0.012312,0.986704,-0.120357,0.109220,9.561472,0
2,0.987044,-0.159944,0.012733,0.986704,-0.120357,0.109220,9.595076,0
2,0.989257,-0.145513,0.014056,0.986704,-0.120357,0.109220,9.628193,0
2,0.991123,-0.131763,0.017701,0.986704,-0.120357,0.109220,9.661230,0
2,0.993142,-0.115098,0.020527,0.986704,-0.120357,0.109220,9.694750,0
2,0.994876,-0.099094,0.020033,0.986704,-0.120357,0.109220,9.728415,0
2,0.995969,-0.087472,0.019877,0.986704,-0.120357,0.109220,9.761318,0
2,0.996441,-0.081900,0.019967,0.986704,-0.120357,0.109220,9.794515,0
2,0.996385,-0.082669,0.019560,0.986704,-0.120357,0.109220,9.827936,0
2,0.996125,-0.085677,0.019871,0.986704,-0.120357,0.109220,9.861344,0
2,0.995376,-0.093663,0.021286,0.986704,-0.120357,0.109220,9.894246,0
2,0.994857,-0.098836,0.022150,0.986704,-0.120357,0.109220,9.928673,0
2,0.994469,-0.102314,0.023712,0.986704,-0.120357,0.109220,9.960972,0
2,0.994013,-0.105634,0.027911,0.986704,-0.120357,0.109220,9.994938,0
2,0.993767,-0.106876,0.031702,0.986704,-0.120357,0.109220,10.028138,0
2,0.993674,-0.107605,0.032139,0.986704,-0.120357,0.109220,10.061377,0
2,0.993637,-0.107299,0.034247,0.986704,-0.120357,0.109220,10.094853,0
2,0.993787,-0.106003,0.033937,0.986704,-0.120357,0.109220,10.129170,0
2,0.993916,-0.105435,0.031863,0.986704,-0.120357,0.109220,10.161967,0
2,0.994201,-0.103101,0.030553,0.986704,-0.120357,0.109220,10.196262,0
2,0.994284,-0.102558,0.029699,0.986704,-0.120357,0.109220,10.228598,0
2,0.994223,-0.103065,0.029957,0.986704,-0.120357,0.109220,10.260973,0
2,0.994125,-0.104129,0.029531,0.986704,-0.120357,0.109220,10.294275,0
3,0.989281,-0.145942,0.004991,0.980437,-0.095306,0.172219,13.392226,0
3,0.989319,-0.145688,0.004696,0.980437,-0.095306,0.172219,13.426934,0
3,0.989494,-0.144513,0.004144,0.980437,-0.095306,0.172219,13.460119,0
3,0.989526,-0.144294,0.004091,0.980437,-0.095306,0.172219,13.492182,0
3,0.989360,-0.145410,0.004701,0.980437,-0.095306,0.172219,13.526154,0
3,0.989232,-0.146283,0.004685,0.980437,-0.095306,0.172219,13.559440,0
3,0.989170,-0.146723,0.003832,0.980437,-0.095306,0.172219,13.592557,0
3,0.989150,-0.146868,0.003479,0.980437,-0.095306,0.172219,13.627057,0
3,0.989243,-0.146260,0.002662,0.980437,-0.095306,0.172219,13.659723,0
3,0.989278,-0.146021,0.002535,0.980437,-0.095306,0.172219,13.692193,0
3,0.989345,-0.145561,0.002936,0.980437,-0.095306,0.172219,13.726308,0
3,0.989353,-0.145490,0.003573,0.980437,-0.095306,0.172219,13.760010,0
3,0.989382,-0.145271,0.004377,0.980437,-0.095306,0.172219,13.793142,0
3,0.989363,-0.145374,0.005307,0.980437,-0.095306,0.172219,13.826821,0
3,0.989428,-0.144925,0.005364,0.980437,-0.095306,0.172219,13.860090,0
3,0.989479,-0.144579,0.005306,0.980437,-0.095306,0.172219,13.893011,0
3,0.989488,-0.144538,0.004641,0.980437,-0.095306,0.172219,13.926948,0
3,0.989379,-0.145289,0.004435,0.980437,-0.095306,0.172219,13.960672,0
3,0.988828,-0.148962,0.005356,0.980437,-0.095306,0.172219,13.992349,0
3,0.987393,-0.158172,0.006119,0.980437,-0.095306,0.172219,14.025272,0
3,0.985190,-0.171333,0.006719,0.980437,-0.095306,0.172219,14.059998,0
3,0.982403,-0.186587,0.008296,0.980437,-0.095306,0.172219,14.092267,0
3,0.978929,-0.203958,0.009987,0.980437,-0.095306,0.172219,14.126646,0
3,0.974867,-0.222491,0.011454,0.980437,-0.095306,0.172219,14.158955,0
3,0.969683,-0.244014,0.013118,0.980437,-0.095306,0.172219,14.191067,0
3,0.964050,-0.265297,0.015011,0.980437,-0.095306,0.172219,14.225466,0
3,0.958634,-0.284152,0.016722,0.980437,-0.095306,0.172219,14.257644,0
3,0.953431,-0.301069,0.018088,0.980437,-0.095306,0.172219,14.291260,0
3,0.947798,-0.318328,0.018599,0.980437,-0.095306,0.172219,14.324579,0
3,0.943873,-0.329761,0.019012,0.980437,-0.095306,0.172219,14.357385,0
3,0.942054,-0.334929,0.018893,0.980437,-0.095306,0.172219,14.391096,0
3,0.942508,-0.333675,0.018425,0.980437,-0.095306,0.172219,14.424094,0
3,0.945800,-0.324258,0.017884,0.980437,-0.095306,0.172219,14.457415,0
3,0.950925,-0.308961,0.016877,0.980437,-0.095306,0.172219,14.491929,0
3,0.956831,-0.290234,0.015459,0.980437,-0.095306,0.172219,14.524369,0
3,0.963116,-0.268787,0.012696,0.980437,-0.095306,0.172219,14.557493,0
3,0.969625,-0.244382,0.010235,0.980437,-0.095306,0.172219,14.590725,0
3,0.976579,-0.215008,0.008042,0.980437,-0.095306,0.172219,14.623854,0
3,0.983083,-0.183086,0.005257,0.980437,-0.095306,0.172219,14.657586,0
3,0.989129,-0.147005,0.003659,0.980437,-0.095306,0.172219,14.690558,0
3,0.993964,-0.109687,0.001952,0.980437,-0.095306,0.172219,14.723837,0
3,0.997224,-0.074437,0.001932,0.980437,-0.095306,0.172219,14.757499,0
3,0.999218,-0.039444,0.002778,0.980437,-0.095306,0.172219,14.790642,0
3,0.999978,-0.005340,0.003849,0.980437,-0.095306,0.172219,14.824382,0
3,0.999726,0.023140,0.003408,0.980437,-0.095306,0.172219,14.857461,0
3,0.998961,0.045521,0.001990,0.980437,-0.095306,0.172219,14.890965,0
3,0.998123,0.061244,0.000639,0.980437,-0.095306,0.172219,14.923938,0
3,0.997581,0.069520,-0.000127,0.980437,-0.095306,0.172219,14.957073,0
3,0.997571,0.069649,-0.001400,0.980437,-0.095306,0.172219,14.990675,0
3,0.997925,0.064340,-0.002316,0.980437,-0.095306,0.172219,15.023900,0
3,0.998590,0.052986,-0.003314,0.980437,-0.095306,0.172219,15.058767,0
3,0.999219,0.039287,-0.004111,0.980437,-0.095306,0.172219,15.091236,0
3,0.999762,0.021418,-0.004262,0.980437,-0.095306,0.172219,15.123837,0
3,0.999982,0.003557,-0.004775,0.980437,-0.095306,0.172219,15.157845,0
3,0.999865,-0.015574,-0.005326,0.980437,-0.095306,0.172219,15.190945,0
3,0.999405,-0.034031,-0.005690,0.980437,-0.095306,0.172219,15.225233,0
3,0.998688,-0.050930,-0.005309,0.980437,-0.095306,0.172219,15.258622,0
3,0.997748,-0.066874,-0.005096,0.980437,-0.095306,0.172219,15.291581,0
3,0.996810,-0.079623,-0.005378,0.980437,-0.095306,0.172219,15.325237,0
3,0.996045,-0.088699,-0.005168,0.980437,-0.095306,0.172219,15.358796,0
3,0.995475,-0.094904,-0.004695,0.980437,-0.095306,0.172219,15.391812,0
3,0.995305,-0.096690,-0.004367,0.980437,-0.095306,0.172219,15.424883,0
3,0.995265,-0.097129,-0.003765,0.980437,-0.095306,0.172219,15.458589,0
3,0.995300,-0.096804,-0.002441,0.980437,-0.095306,0.172219,15.491305,0
3,0.995230,-0.097535,-0.001978,0.980437,-0.095306,0.172219,15.524689,0
3,0.994928,-0.100571,-0.001855,0.980437,-0.095306,0.172219,15.558172,0
3,0.994546,-0.104290,-0.001053,0.980437,-0.095306,0.172219,15.591288,0
3,0.994173,-0.107785,-0.001492,0.980437,-0.095306,0.172219,15.624834,0
3,0.993761,-0.111513,-0.001787,0.980437,-0.095306,0.172219,15.658803,0
3,0.993575,-0.113169,-0.001131,0.980437,-0.095306,0.172219,15.691532,0
3,0.993409,-0.114619,-0.000822,0.980437,-0.095306,0.172219,15.724813,0
3,0.993345,-0.115175,-0.000926,0.980437,-0.095306,0.172219,15.758304,0
3,0.993365,-0.114995,-0.001429,0.980437,-0.095306,0.172219,15.791560,0
3,0.993571,-0.113211,-0.000971,0.980437,-0.095306,0.172219,15.825368,0
3,0.993605,-0.112913,-0.000807,0.980437,-0.095306,0.172219,15.858699,0
3,0.993597,-0.112982,-0.000867,0.980437,-0.095306,0.172219,15.891337,0
4,0.988557,-0.150740,0.005788,0.961012,0.256963,0.102102,19.423361,0
4,0.988547,-0.150788,0.006154,0.961012,0.256963,0.102102,19.457836,0
4,0.988509,-0.151033,0.006211,0.961012,0.256963,0.102102,19.490416,0
4,0.988444,-0.151460,0.006141,0.961012,0.256963,0.102102,19.523520,0
4,0.988460,-0.151392,0.005169,0.961012,0.256963,0.102102,19.556738,0
4,0.988465,-0.151367,0.004908,0.961012,0.256963,0.102102,19.590004,0
4,0.988426,-0.151636,0.004619,0.961012,0.256963,0.102102,19.623230,0
4,0.988371,-0.151993,0.004474,0.961012,0.256963,0.102102,19.656858,0
4,0.988374,-0.151978,0.004422,0.961012,0.256963,0.102102,19.690290,0
4,0.988241,-0.152812,0.005278,0.961012,0.256963,0.102102,19.724255,0
4,0.988174,-0.153232,0.005589,0.961012,0.256963,0.102102,19.756620,0
4,0.988133,-0.153493,0.005660,0.961012,0.256963,0.102102,19.790079,0
4,0.988209,-0.153026,0.005179,0.961012,0.256963,0.102102,19.823212,0
4,0.988350,-0.152110,0.005238,0.961012,0.256963,0.102102,19.857492,0
4,0.988528,-0.150936,0.005626,0.961012,0.256963,0.102102,19.889725,0
4,0.988725,-0.149611,0.006256,0.961012,0.256963,0.102102,19.922998,0
4,0.989062,-0.147355,0.006566,0.961012,0.256963,0.102102,19.956322,0
4,0.989652,-0.143342,0.006559,0.961012,0.256963,0.102102,19.989691,0
4,0.990991,-0.133712,0.007627,0.961012,0.256963,0.102102,20.022924,0
4,0.993070,-0.117216,0.008514,0.961012,0.256963,0.102102,20.056263,0
4,0.995316,-0.096239,0.009149,0.961012,0.256963,0.102102,20.089739,0
4,0.997817,-0.065123,0.010927,0.961012,0.256963,0.102102,20.123192,0
4,0.999346,-0.034129,0.011930,0.961012,0.256963,0.102102,20.156231,0
4,0.999901,-0.003036,0.013727,0.961012,0.256963,0.102102,20.190617,0
4,0.999484,0.028245,0.015264,0.961012,0.256963,0.102102,20.223192,0
4,0.998312,0.055836,0.015966,0.961012,0.256963,0.102102,20.257265,0
4,0.996437,0.082858,0.015770,0.961012,0.256963,0.102102,20.290836,0
4,0.994100,0.107372,0.015383,0.961012,0.256963,0.102102,20.323572,0
4,0.990949,0.133180,0.016835,0.961012,0.256963,0.102102,20.357225,0
4,0.987203,0.158424,0.018216,0.961012,0.256963,0.102102,20.389668,0
4,0.983332,0.180825,0.018970,0.961012,0.256963,0.102102,20.422632,0
4,0.978949,0.203047,0.020736,0.961012,0.256963,0.102102,20.455984,0
4,0.973950,0.225667,0.022276,0.961012,0.256963,0.102102,20.489294,0
4,0.968427,0.248265,0.022672,0.961012,0.256963,0.102102,20.522686,0
4,0.962493,0.270346,0.022808,0.961012,0.256963,0.102102,20.556149,0
4,0.955254,0.294893,0.022958,0.961012,0.256963,0.102102,20.590208,0
4,0.946576,0.321602,0.023790,0.961012,0.256963,0.102102,20.622396,0
4,0.937345,0.347706,0.022012,0.961012,0.256963,0.102102,20.655865,0
4,0.928947,0.369669,0.020048,0.961012,0.256963,0.102102,20.689695,0
4,0.921136,0.388713,0.020270,0.961012,0.256963,0.102102,20.722500,0
4,0.915406,0.402042,0.019829,0.961012,0.256963,0.102102,20.756197,0
4,0.910273,0.413586,0.018701,0.961012,0.256963,0.102102,20.789593,0
4,0.907557,0.419559,0.017648,0.961012,0.256963,0.102102,20.822983,0
4,0.906995,0.420841,0.015906,0.961012,0.256963,0.102102,20.856188,0
4,0.909403,0.415635,0.015321,0.961012,0.256963,0.102102,20.889149,0
4,0.913595,0.406345,0.015126,0.961012,0.256963,0.102102,20.923443,0
4,0.918661,0.394753,0.015229,0.961012,0.256963,0.102102,20.956533,0
4,0.924773,0.380275,0.013666,0.961012,0.256963,0.102102,20.989834,0
4,0.929466,0.368663,0.013452,0.961012,0.256963,0.102102,21.022884,0
4,0.933851,0.357462,0.011992,0.961012,0.256963,0.102102,21.055943,0
4,0.937406,0.348056,0.011283,0.961012,0.256963,0.102102,21.089642,0
4,0.940610,0.339225,0.013385,0.961012,0.256963,0.102102,21.122612,0
4,0.945032,0.326699,0.013491,0.961012,0.256963,0.102102,21.156242,0
4,0.949731,0.312655,0.016030,0.961012,0.256963,0.102102,21.190784,0
4,0.953088,0.302062,0.019529,0.961012,0.256963,0.102102,21.222872,0
4,0.957449,0.287762,0.022002,0.961012,0.256963,0.102102,21.256363,0
4,0.961494,0.273853,0.023125,0.961012,0.256963,0.102102,21.289968,0
4,0.963801,0.265452,0.024944,0.961012,0.256963,0.102102,21.322828,0
4,0.966870,0.254005,0.025370,0.961012,0.256963,0.102102,21.357363,0
4,0.969567,0.243398,0.026417,0.961012,0.256963,0.102102,21.391146,0
4,0.971840,0.233972,0.028015,0.961012,0.256963,0.102102,21.422586,0
4,0.974057,0.224545,0.028142,0.961012,0.256963,0.102102,21.456209,0
4,0.976267,0.214821,0.027480,0.961012,0.256963,0.102102,21.489998,0
4,0.977649,0.208617,0.026092,0.961012,0.256963,0.102102,21.522383,0
4,0.978922,0.202624,0.025610,0.961012,0.256963,0.102102,21.555988,0
4,0.979971,0.197462,0.025799,0.961012,0.256963,0.102102,21.590452,0
4,0.980305,0.195600,0.027263,0.961012,0.256963,0.102102,21.622417,0
4,0.980758,0.193181,0.028204,0.961012,0.256963,0.102102,21.655693,0
4,0.980923,0.192090,0.029851,0.961012,0.256963,0.102102,21.689999,0
4,0.981008,0.191445,0.031177,0.961012,0.256963,0.102102,21.723169,0
4,0.981155,0.190589,0.031808,0.961012,0.256963,0.102102,21.756588,0
4,0.981607,0.188161,0.032300,0.961012,0.256963,0.102102,21.789017,0
4,0.981983,0.186181,0.032332,0.961012,0.256963,0.102102,21.822914,0
4,0.982400,0.183952,0.032420,0.961012,0.256963,0.102102,21.858130,0
4,0.982491,0.183382,0.032911,0.961012,0.256963,0.102102,21.890619,0
4,0.982287,0.184452,0.033004,0.961012,0.256963,0.102102,21.922478,0
4,0.982045,0.185823,0.032527,0.961012,0.256963,0.102102,21.956108,0
4,0.981524,0.188766,0.031275,0.961012,0.256963,0.102102,21.988886,0
4,0.980881,0.192019,0.031629,0.961012,0.256963,0.102102,22.022917,0
4,0.980359,0.194485,0.032744,0.961012,0.256963,0.102102,22.055904,0
4,0.979811,0.197123,0.033353,0.961012,0.256963,0.102102,22.089207,0
5,0.983854,-0.178852,0.006494,0.926177,0.359953,0.112383,25.453848,0
5,0.983892,-0.178581,0.008076,0.926177,0.359953,0.112383,25.487755,0
5,0.984083,-0.177465,0.009271,0.926177,0.359953,0.112383,25.520229,0
5,0.984450,-0.175276,0.011666,0.926177,0.359953,0.112383,25.553947,0
5,0.984756,-0.173294,0.014996,0.926177,0.359953,0.112383,25.587193,0
5,0.985173,-0.170436,0.019655,0.926177,0.359953,0.112383,25.620123,0
5,0.985574,-0.167187,0.026303,0.926177,0.359953,0.112383,25.653524,0
5,0.985786,-0.164474,0.034262,0.926177,0.359953,0.112383,25.687727,0
5,0.985917,-0.162082,0.041203,0.926177,0.359953,0.112383,25.720016,0
5,0.986070,-0.159645,0.046687,0.926177,0.359953,0.112383,25.753035,0
5,0.986245,-0.157965,0.048662,0.926177,0.359953,0.112383,25.786581,0
5,0.986326,-0.157170,0.049577,0.926177,0.359953,0.112383,25.819540,0
5,0.986148,-0.155756,0.057034,0.926177,0.359953,0.112383,25.853222,0
5,0.986091,-0.153532,0.063659,0.926177,0.359953,0.112383,25.886600,0
5,0.986088,-0.151946,0.067403,0.926177,0.359953,0.112383,25.919621,0
5,0.986370,-0.149877,0.067910,0.926177,0.359953,0.112383,25.953184,0
5,0.986838,-0.148220,0.064667,0.926177,0.359953,0.112383,25.986507,0
5,0.987273,-0.146571,0.061710,0.926177,0.359953,0.112383,26.019358,0
5,0.987614,-0.144938,0.060094,0.926177,0.359953,0.112383,26.053053,0
5,0.988306,-0.142624,0.053934,0.926177,0.359953,0.112383,26.086210,0
5,0.989428,-0.136779,0.048209,0.926177,0.359953,0.112383,26.119600,0
5,0.991204,-0.124771,0.044123,0.926177,0.359953,0.112383,26.153105,0
5,0.993613,-0.105777,0.039301,0.926177,0.359953,0.112383,26.186308,0
5,0.996133,-0.078880,0.038695,0.926177,0.359953,0.112383,26.219536,0
5,0.998143,-0.048032,0.037451,0.926177,0.359953,0.112383,26.252752,0
5,0.999196,-0.014116,0.037537,0.926177,0.359953,0.112383,26.286236,0
5,0.999025,0.018908,0.039885,0.926177,0.359953,0.112383,26.320471,0
5,0.997803,0.050042,0.043409,0.926177,0.359953,0.112383,26.353832,0
5,0.995570,0.081664,0.046588,0.926177,0.359953,0.112383,26.387060,0
5,0.992318,0.113972,0.048115,0.926177,0.359953,0.112383,26.419718,0
5,0.987981,0.147105,0.047465,0.926177,0.359953,0.112383,26.452887,0
5,0.982674,0.179796,0.044999,0.926177,0.359953,0.112383,26.486828,0
5,0.975973,0.213929,0.041362,0.926177,0.359953,0.112383,26.520035,0
5,0.968038,0.247674,0.039491,0.926177,0.359953,0.112383,26.553501,0
5,0.959196,0.279937,0.039734,0.926177,0.359953,0.112383,26.586615,0
5,0.949113,0.312213,0.041324,0.926177,0.359953,0.112383,26.619471,0
5,0.938003,0.344000,0.042588,0.926177,0.359953,0.112383,26.653395,0
5,0.925620,0.375647,0.046019,0.926177,0.359953,0.112383,26.687420,0
5,0.912064,0.407157,0.048616,0.926177,0.359953,0.112383,26.720205,0
5,0.897134,0.438742,0.051524,0.926177,0.359953,0.112383,26.753191,0
5,0.879470,0.472765,0.055013,0.926177,0.359953,0.112383,26.786795,0
5,0.858321,0.509844,0.057819,0.926177,0.359953,0.112383,26.820427,0
5,0.830711,0.553491,0.059721,0.926177,0.359953,0.112383,26.853695,0
5,0.804339,0.591346,0.057863,0.926177,0.359953,0.112383,26.886629,0
5,0.775899,0.628291,0.056852,0.926177,0.359953,0.112383,26.921598,0
5,0.748098,0.661110,0.057300,0.926177,0.359953,0.112383,26.952209,0
5,0.720265,0.691309,0.057533,0.926177,0.359953,0.112383,26.985788,0
5,0.688845,0.722578,0.058078,0.926177,0.359953,0.112383,27.019348,0
5,0.663544,0.746059,0.055724,0.926177,0.359953,0.112383,27.052500,0
5,0.644402,0.762734,0.054617,0.926177,0.359953,0.112383,27.085886,0
5,0.632599,0.772770,0.051436,0.926177,0.359953,0.112383,27.119007,0
5,0.631416,0.773802,0.050434,0.926177,0.359953,0.112383,27.152065,0
5,0.638042,0.768420,0.049318,0.926177,0.359953,0.112383,27.185236,0
5,0.652261,0.756566,0.046527,0.926177,0.359953,0.112383,27.219013,0
5,0.670777,0.740225,0.046115,0.926177,0.359953,0.112383,27.252024,0
5,0.694772,0.717901,0.043692,0.926177,0.359953,0.112383,27.285414,0
5,0.720890,0.691882,0.040211,0.926177,0.359953,0.112383,27.318930,0
5,0.745640,0.665315,0.037113,0.926177,0.359953,0.112383,27.351791,0
5,0.776004,0.629876,0.032755,0.926177,0.359953,0.112383,27.385702,0
5,0.801820,0.596577,0.034357,0.926177,0.359953,0.112383,27.418798,0
5,0.826088,0.562388,0.036046,0.926177,0.359953,0.112383,27.452599,0
5,0.851311,0.523579,0.033686,0.926177,0.359953,0.112383,27.485544,0
5,0.871820,0.488731,0.032748,0.926177,0.359953,0.112383,27.518826,0
5,0.892611,0.449716,0.031638,0.926177,0.359953,0.112383,27.551750,0
5,0.909243,0.415050,0.031805,0.926177,0.359953,0.112383,27.585091,0
5,0.922507,0.384460,0.034229,0.926177,0.359953,0.112383,27.618704,0
5,0.935109,0.352701,0.034263,0.926177,0.359953,0.112383,27.651714,0
5,0.944714,0.326235,0.032953,0.926177,0.359953,0.112383,27.685825,0
5,0.952284,0.303490,0.032394,0.926177,0.359953,0.112383,27.718527,0
5,0.955916,0.291801,0.032812,0.926177,0.359953,0.112383,27.751999,0
5,0.958071,0.284433,0.034601,0.926177,0.359953,0.112383,27.785469,0
5,0.959024,0.280694,0.038532,0.926177,0.359953,0.112383,27.818092,0
5,0.957711,0.284753,0.041288,0.926177,0.359953,0.112383,27.851566,0
5,0.956664,0.287982,0.043141,0.926177,0.359953,0.112383,27.885023,0
5,0.954729,0.293914,0.045899,0.926177,0.359953,0.112383,27.918356,0
5,0.952577,0.300684,0.046767,0.926177,0.359953,0.112383,27.951374,0
5,0.950399,0.307540,0.046495,0.926177,0.359953,0.112383,27.985092,0
5,0.948654,0.312824,0.046870,0.926177,0.359953,0.112383,28.018963,0
5,0.948189,0.314200,0.047071,0.926177,0.359953,0.112383,28.052610,0
5,0.948202,0.314108,0.047424,0.926177,0.359953,0.112383,28.087070,0
5,0.949986,0.308587,0.047976,0.926177,0.359953,0.112383,28.119583,0
5,0.951703,0.303489,0.046424,0.926177,0.359953,0.112383,28.152155,0
5,0.953364,0.298516,0.044557,0.926177,0.359953,0.112383,28.185583,0
5,0.954396,0.295050,0.045548,0.926177,0.359953,0.112383,28.218857,0
5,0.955153,0.292357,0.047012,0.926177,0.359953,0.112383,28.252481,0
5,0.955623,0.290791,0.047164,0.926177,0.359953,0.112383,28.286095,0
5,0.956528,0.287848,0.046872,0.926177,0.359953,0.112383,28.319138,0
6,0.996416,-0.082111,-0.020329,0.986160,0.113341,0.121003,31.383200,0
6,0.996405,-0.082087,-0.020927,0.986160,0.113341,0.121003,31.417913,0
6,0.996450,-0.081390,-0.021534,0.986160,0.113341,0.121003,31.450899,0
6,0.996493,-0.080957,-0.021163,0.986160,0.113341,0.121003,31.484034,0
6,0.996507,-0.080827,-0.021014,0.986160,0.113341,0.121003,31.517666,0
6,0.996442,-0.081806,-0.020257,0.986160,0.113341,0.121003,31.550865,0
6,0.996436,-0.082016,-0.019713,0.986160,0.113341,0.121003,31.584187,0
6,0.996408,-0.082384,-0.019604,0.986160,0.113341,0.121003,31.617865,0
6,0.996430,-0.082034,-0.019938,0.986160,0.113341,0.121003,31.651051,0
6,0.996455,-0.081562,-0.020618,0.986160,0.113341,0.121003,31.684332,0
6,0.996521,-0.080675,-0.020915,0.986160,0.113341,0.121003,31.717854,0
6,0.996558,-0.080022,-0.021659,0.986160,0.113341,0.121003,31.750744,0
6,0.996574,-0.079917,-0.021299,0.986160,0.113341,0.121003,31.784174,0
6,0.996664,-0.078733,-0.021517,0.986160,0.113341,0.121003,31.817478,0
6,0.996793,-0.077074,-0.021513,0.986160,0.113341,0.121003,31.850765,0
6,0.997031,-0.074141,-0.020787,0.986160,0.113341,0.121003,31.884344,0
6,0.997335,-0.070059,-0.020359,0.986160,0.113341,0.121003,31.917385,0
6,0.997729,-0.064510,-0.019362,0.986160,0.113341,0.121003,31.950617,0
6,0.998377,-0.054024,-0.018016,0.986160,0.113341,0.121003,31.984224,0
6,0.999195,-0.036777,-0.016046,0.986160,0.113341,0.121003,32.017433,0
6,0.999720,-0.017973,-0.015405,0.986160,0.113341,0.121003,32.050697,0
6,0.999878,0.003658,-0.015170,0.986160,0.113341,0.121003,32.084148,0
6,0.999494,0.028049,-0.014994,0.986160,0.113341,0.121003,32.117664,0
6,0.998410,0.054485,-0.014482,0.986160,0.113341,0.121003,32.150452,0
6,0.996515,0.082380,-0.013070,0.986160,0.113341,0.121003,32.183990,0
6,0.993515,0.113197,-0.010731,0.986160,0.113341,0.121003,32.217407,0
6,0.988682,0.149849,-0.007333,0.986160,0.113341,0.121003,32.250446,0
6,0.982240,0.187568,-0.004719,0.986160,0.113341,0.121003,32.284317,0
6,0.973426,0.228971,-0.003833,0.986160,0.113341,0.121003,32.317337,0
6,0.961396,0.275154,-0.002948,0.986160,0.113341,0.121003,32.350437,0
6,0.947580,0.319480,-0.004931,0.986160,0.113341,0.121003,32.383732,0
6,0.932131,0.362093,-0.004574,0.986160,0.113341,0.121003,32.418697,0
6,0.916103,0.400930,-0.003305,0.986160,0.113341,0.121003,32.450802,0
6,0.898429,0.439112,-0.002394,0.986160,0.113341,0.121003,32.484047,0
6,0.882110,0.471026,-0.004082,0.986160,0.113341,0.121003,32.516956,0
6,0.868505,0.495658,-0.004711,0.986160,0.113341,0.121003,32.550545,0
6,0.857100,0.515135,-0.003996,0.986160,0.113341,0.121003,32.583508,0
6,0.848812,0.528682,-0.003637,0.986160,0.113341,0.121003,32.616795,0
6,0.844604,0.535386,-0.002450,0.986160,0.113341,0.121003,32.649757,0
6,0.844960,0.534827,-0.001634,0.986160,0.113341,0.121003,32.683140,0
6,0.848844,0.528640,-0.002143,0.986160,0.113341,0.121003,32.716835,0
6,0.858156,0.513360,-0.005400,0.986160,0.113341,0.121003,32.749847,0
6,0.870757,0.491621,-0.009525,0.986160,0.113341,0.121003,32.783497,0
6,0.884910,0.465580,-0.012990,0.986160,0.113341,0.121003,32.816612,0
6,0.901060,0.433394,-0.016140,0.986160,0.113341,0.121003,32.849976,0
6,0.919897,0.391644,-0.020129,0.986160,0.113341,0.121003,32.882957,0
6,0.937616,0.346956,-0.022331,0.986160,0.113341,0.121003,32.916626,0
6,0.955384,0.294222,-0.025993,0.986160,0.113341,0.121003,32.949303,0
6,0.970310,0.240190,-0.028400,0.986160,0.113341,0.121003,32.983047,0
6,0.981653,0.188556,-0.028370,0.986160,0.113341,0.121003,33.016724,0
6,0.990642,0.133400,-0.028849,0.986160,0.113341,0.121003,33.049618,0
6,0.996190,0.082050,-0.029561,0.986160,0.113341,0.121003,33.082886,0
6,0.999031,0.032745,-0.029415,0.986160,0.113341,0.121003,33.116627,0
6,0.999484,-0.012671,-0.029522,0.986160,0.113341,0.121003,33.150200,0
6,0.998325,-0.049783,-0.029462,0.986160,0.113341,0.121003,33.183163,0
6,0.996346,-0.080741,-0.027866,0.986160,0.113341,0.121003,33.216763,0
6,0.994131,-0.104684,-0.027279,0.986160,0.113341,0.121003,33.250511,0
6,0.992001,-0.123122,-0.027846,0.986160,0.113341,0.121003,33.283195,0
6,0.990504,-0.134226,-0.029746,0.986160,0.113341,0.121003,33.316467,0
6,0.989812,-0.139085,-0.030458,0.986160,0.113341,0.121003,33.349991,0
6,0.989834,-0.138922,-0.030473,0.986160,0.113341,0.121003,33.383144,0
6,0.990563,-0.133511,-0.030985,0.986160,0.113341,0.121003,33.419018,0
6,0.991706,-0.124675,-0.031216,0.986160,0.113341,0.121003,33.449955,0
6,0.993158,-0.112370,-0.031776,0.986160,0.113341,0.121003,33.482082,0
6,0.994821,-0.096474,-0.032005,0.986160,0.113341,0.121003,33.514915,0
6,0.996596,-0.076338,-0.031130,0.986160,0.113341,0.121003,33.548393,0
6,0.998028,-0.054914,-0.030421,0.986160,0.113341,0.121003,33.582645,0
6,0.998956,-0.034475,-0.029972,0.986160,0.113341,0.121003,33.616085,0
6,0.999471,-0.015040,-0.028828,0.986160,0.113341,0.121003,33.648708,0
6,0.999618,0.005257,-0.027142,0.986160,0.113341,0.121003,33.681828,0
6,0.999340,0.024397,-0.026898,0.986160,0.113341,0.121003,33.714890,0
6,0.998649,0.046047,-0.024073,0.986160,0.113341,0.121003,33.748577,0
6,0.997297,0.070054,-0.022167,0.986160,0.113341,0.121003,33.781254,0
6,0.995579,0.091494,-0.021248,0.986160,0.113341,0.121003,33.815228,0
6,0.993691,0.110190,-0.020879,0.986160,0.113341,0.121003,33.848248,0
6,0.991553,0.127890,-0.021613,0.986160,0.113341,0.121003,33.881657,0
6,0.989506,0.142940,-0.021099,0.986160,0.113341,0.121003,33.915188,0
6,0.987672,0.155184,-0.020541,0.986160,0.113341,0.121003,33.947800,0
6,0.986243,0.164217,-0.018909,0.986160,0.113341,0.121003,33.981533,0
6,0.984823,0.172605,-0.018212,0.986160,0.113341,0.121003,34.014526,0
6,0.984060,0.176936,-0.017861,0.986160,0.113341,0.121003,34.047634,0
6,0.983250,0.181283,-0.018863,0.986160,0.113341,0.121003,34.080826,0
6,0.983231,0.181236,-0.020240,0.986160,0.113341,0.121003,34.114349,0
6,0.983678,0.178870,-0.019592,0.986160,0.113341,0.121003,34.148010,0
6,0.984362,0.175121,-0.019061,0.986160,0.113341,0.121003,34.180748,0
6,0.985006,0.171393,-0.019680,0.986160,0.113341,0.121003,34.214516,0
6,0.985780,0.166894,-0.019584,0.986160,0.113341,0.121003,34.248215,0
6,0.986165,0.164559,-0.019955,0.986160,0.113341,0.121003,34.280708,0
6,0.986587,0.161866,-0.021128,0.986160,0.113341,0.121003,34.314831,0
6,0.987041,0.158991,-0.021710,0.986160,0.113341,0.121003,34.348133,0
6,0.987555,0.155713,-0.022101,0.986160,0.113341,0.121003,34.381283,0
6,0.988448,0.149748,-0.023368,0.986160,0.113341,0.121003,34.414890,0
7,0.988543,-0.146915,-0.034619,0.963350,0.244857,0.109550,37.647095,0
7,0.988561,-0.146714,-0.034960,0.963350,0.244857,0.109550,37.681042,0
7,0.988538,-0.146790,-0.035288,0.963350,0.244857,0.109550,37.714600,0
7,0.988469,-0.147157,-0.035678,0.963350,0.244857,0.109550,37.747860,0
7,0.988448,-0.147333,-0.035555,0.963350,0.244857,0.109550,37.781097,0
7,0.988608,-0.146402,-0.034946,0.963350,0.244857,0.109550,37.814419,0
7,0.988684,-0.146023,-0.034379,0.963350,0.244857,0.109550,37.847332,0
7,0.988703,-0.146084,-0.033541,0.963350,0.244857,0.109550,37.880939,0
7,0.988712,-0.146217,-0.032684,0.963350,0.244857,0.109550,37.913906,0
7,0.988599,-0.146975,-0.032715,0.963350,0.244857,0.109550,37.947369,0
7,0.988504,-0.147476,-0.033314,0.963350,0.244857,0.109550,37.980953,0
7,0.988431,-0.147881,-0.033708,0.963350,0.244857,0.109550,38.014423,0
7,0.988422,-0.147806,-0.034285,0.963350,0.244857,0.109550,38.047729,0
7,0.988432,-0.147657,-0.034631,0.963350,0.244857,0.109550,38.080894,0
7,0.988439,-0.147673,-0.034370,0.963350,0.244857,0.109550,38.114349,0
7,0.988559,-0.146916,-0.034146,0.963350,0.244857,0.109550,38.148087,0
7,0.988975,-0.144256,-0.033458,0.963350,0.244857,0.109550,38.181332,0
7,0.989917,-0.137829,-0.032676,0.963350,0.244857,0.109550,38.215549,0
7,0.991731,-0.124183,-0.032385,0.963350,0.244857,0.109550,38.248337,0
7,0.993999,-0.104547,-0.032191,0.963350,0.244857,0.109550,38.281101,0
7,0.996318,-0.079785,-0.031370,0.963350,0.244857,0.109550,38.314854,0
7,0.998242,-0.050923,-0.030337,0.963350,0.244857,0.109550,38.348038,0
7,0.999323,-0.021695,-0.029719,0.963350,0.244857,0.109550,38.381371,0
7,0.999556,0.010223,-0.027976,0.963350,0.244857,0.109550,38.415119,0
7,0.998758,0.041521,-0.027543,0.963350,0.244857,0.109550,38.448353,0
7,0.996977,0.073086,-0.026375,0.963350,0.244857,0.109550,38.481609,0
7,0.994274,0.104093,-0.024169,0.963350,0.244857,0.109550,38.515934,0
7,0.991215,0.130445,-0.021845,0.963350,0.244857,0.109550,38.548000,0
7,0.987580,0.155788,-0.020380,0.963350,0.244857,0.109550,38.580830,0
7,0.983367,0.180560,-0.019691,0.963350,0.244857,0.109550,38.615192,0
7,0.978151,0.206882,-0.020481,0.963350,0.244857,0.109550,38.647438,0
7,0.972123,0.233542,-0.020838,0.963350,0.244857,0.109550,38.680500,0
7,0.965386,0.259879,-0.022191,0.963350,0.244857,0.109550,38.713852,0
7,0.957646,0.287031,-0.022946,0.963350,0.244857,0.109550,38.746807,0
7,0.949271,0.313566,-0.023690,0.963350,0.244857,0.109550,38.780148,0
7,0.941229,0.336920,-0.023933,0.963350,0.244857,0.109550,38.812908,0
7,0.933513,0.357799,-0.023089,0.963350,0.244857,0.109550,38.846775,0
7,0.927083,0.374188,-0.022362,0.963350,0.244857,0.109550,38.881264,0
7,0.923086,0.383895,-0.023163,0.963350,0.244857,0.109550,38.913124,0
7,0.921884,0.386731,-0.023843,0.963350,0.244857,0.109550,38.946964,0
7,0.923618,0.382544,-0.024286,0.963350,0.244857,0.109550,38.980984,0
7,0.928521,0.370344,-0.026358,0.963350,0.244857,0.109550,39.013245,0
7,0.934839,0.353820,-0.029773,0.963350,0.244857,0.109550,39.047585,0
7,0.941481,0.335602,-0.031374,0.963350,0.244857,0.109550,39.079926,0
7,0.948334,0.315706,-0.031489,0.963350,0.244857,0.109550,39.113434,0
7,0.955324,0.293985,-0.030463,0.963350,0.244857,0.109550,39.146976,0
7,0.962025,0.271279,-0.030243,0.963350,0.244857,0.109550,39.179974,0
7,0.968165,0.248533,-0.029809,0.963350,0.244857,0.109550,39.213142,0
7,0.974030,0.224561,-0.028963,0.963350,0.244857,0.109550,39.246582,0
7,0.979219,0.200800,-0.028451,0.963350,0.244857,0.109550,39.279652,0
7,0.984058,0.175591,-0.028233,0.963350,0.244857,0.109550,39.312981,0
7,0.988090,0.151635,-0.026167,0.963350,0.244857,0.109550,39.346443,0
7,0.991493,0.127676,-0.025325,0.963350,0.244857,0.109550,39.380249,0
7,0.993924,0.107041,-0.025632,0.963350,0.244857,0.109550,39.413345,0
7,0.995598,0.090259,-0.025254,0.963350,0.244857,0.109550,39.446560,0
7,0.996616,0.078359,-0.024834,0.963350,0.244857,0.109550,39.479717,0
7,0.997188,0.070851,-0.024435,0.963350,0.244857,0.109550,39.512901,0
7,0.997528,0.065720,-0.024893,0.963350,0.244857,0.109550,39.546776,0
7,0.997686,0.063208,-0.025055,0.963350,0.244857,0.109550,39.579533,0
7,0.997759,0.061759,-0.025753,0.963350,0.244857,0.109550,39.613373,0
7,0.997757,0.061810,-0.025712,0.963350,0.244857,0.109550,39.646633,0
7,0.997708,0.062830,-0.025127,0.963350,0.244857,0.109550,39.679596,0
8,0.991495,-0.127934,-0.023872,0.952106,-0.263950,0.154349,43.178238,0
8,0.991568,-0.127252,-0.024476,0.952106,-0.263950,0.154349,43.211948,0
8,0.991618,-0.126925,-0.024152,0.952106,-0.263950,0.154349,43.245190,0
8,0.991636,-0.126817,-0.023995,0.952106,-0.263950,0.154349,43.278896,0
8,0.991639,-0.126849,-0.023707,0.952106,-0.263950,0.154349,43.311958,0
8,0.991580,-0.127433,-0.023015,0.952106,-0.263950,0.154349,43.345150,0
8,0.991488,-0.128171,-0.022872,0.952106,-0.263950,0.154349,43.379932,0
8,0.991480,-0.128305,-0.022465,0.952106,-0.263950,0.154349,43.412148,0
8,0.991516,-0.128093,-0.022080,0.952106,-0.263950,0.154349,43.445671,0
8,0.991571,-0.127637,-0.022251,0.952106,-0.263950,0.154349,43.480415,0
8,0.991698,-0.126632,-0.022348,0.952106,-0.263950,0.154349,43.511166,0
8,0.991963,-0.124408,-0.023056,0.952106,-0.263950,0.154349,43.543625,0
8,0.992292,-0.121716,-0.023281,0.952106,-0.263950,0.154349,43.577881,0
8,0.992907,-0.116599,-0.023268,0.952106,-0.263950,0.154349,43.610657,0
8,0.993936,-0.107582,-0.022737,0.952106,-0.263950,0.154349,43.644196,0
8,0.995032,-0.097117,-0.021907,0.952106,-0.263950,0.154349,43.677448,0
8,0.996198,-0.084757,-0.020156,0.952106,-0.263950,0.154349,43.710621,0
8,0.997624,-0.066595,-0.017646,0.952106,-0.263950,0.154349,43.743385,0
8,0.998816,-0.045841,-0.016277,0.952106,-0.263950,0.154349,43.777233,0
8,0.999620,-0.022135,-0.016402,0.952106,-0.263950,0.154349,43.809948,0
8,0.999861,0.002089,-0.016545,0.952106,-0.263950,0.154349,43.843178,0
8,0.999465,0.028328,-0.016364,0.952106,-0.263950,0.154349,43.876530,0
8,0.998305,0.056087,-0.015540,0.952106,-0.263950,0.154349,43.909695,0
8,0.996152,0.086362,-0.014903,0.952106,-0.263950,0.154349,43.942947,0
8,0.992942,0.117679,-0.014772,0.952106,-0.263950,0.154349,43.976254,0
8,0.988564,0.150106,-0.014456,0.952106,-0.263950,0.154349,44.009956,0
8,0.983594,0.179801,-0.014668,0.952106,-0.263950,0.154349,44.042538,0
8,0.977863,0.208780,-0.013989,0.952106,-0.263950,0.154349,44.075932,0
8,0.972663,0.231802,-0.013971,0.952106,-0.263950,0.154349,44.109348,0
8,0.968279,0.249518,-0.013292,0.952106,-0.263950,0.154349,44.142586,0
8,0.965611,0.259713,-0.012028,0.952106,-0.263950,0.154349,44.176109,0
8,0.964756,0.262873,-0.011950,0.952106,-0.263950,0.154349,44.209408,0
8,0.966488,0.256417,-0.012285,0.952106,-0.263950,0.154349,44.242496,0
8,0.970548,0.240566,-0.012860,0.952106,-0.263950,0.154349,44.276108,0
8,0.975810,0.218190,-0.013698,0.952106,-0.263950,0.154349,44.309235,0
8,0.981547,0.190626,-0.015095,0.952106,-0.263950,0.154349,44.342880,0
8,0.987082,0.159387,-0.016283,0.952106,-0.263950,0.154349,44.375923,0
8,0.992225,0.123105,-0.018299,0.952106,-0.263950,0.154349,44.409203,0
8,0.996250,0.084288,-0.019523,0.952106,-0.263950,0.154349,44.443127,0
8,0.998742,0.045948,-0.020091,0.952106,-0.263950,0.154349,44.475964,0
8,0.999779,0.006616,-0.019968,0.952106,-0.263950,0.154349,44.509346,0
8,0.999334,-0.030382,-0.020192,0.952106,-0.263950,0.154349,44.542477,0
8,0.997595,-0.066287,-0.020235,0.952106,-0.263950,0.154349,44.576252,0
8,0.994963,-0.098297,-0.019673,0.952106,-0.263950,0.154349,44.609596,0
8,0.991905,-0.125726,-0.017802,0.952106,-0.263950,0.154349,44.643597,0
8,0.988121,-0.152861,-0.015796,0.952106,-0.263950,0.154349,44.677761,0
8,0.984593,-0.174116,-0.016119,0.952106,-0.263950,0.154349,44.710934,0
8,0.981732,-0.189374,-0.018448,0.952106,-0.263950,0.154349,44.744209,0
8,0.978665,-0.204593,-0.018871,0.952106,-0.263950,0.154349,44.778038,0
8,0.976726,-0.213621,-0.019280,0.952106,-0.263950,0.154349,44.811127,0
8,0.975771,-0.217883,-0.019970,0.952106,-0.263950,0.154349,44.844463,0
8,0.975749,-0.218130,-0.018244,0.952106,-0.263950,0.154349,44.877972,0
8,0.976848,-0.213256,-0.017029,0.952106,-0.263950,0.154349,44.911068,0
8,0.978722,-0.204562,-0.016056,0.952106,-0.263950,0.154349,44.944595,0
8,0.981088,-0.193078,-0.013667,0.952106,-0.263950,0.154349,44.979088,0
8,0.984827,-0.173353,-0.008014,0.952106,-0.263950,0.154349,45.010937,0
8,0.988897,-0.148564,-0.003469,0.952106,-0.263950,0.154349,45.044853,0
8,0.992230,-0.124416,0.000290,0.952106,-0.263950,0.154349,45.078415,0
8,0.995133,-0.098526,0.001737,0.952106,-0.263950,0.154349,45.110802,0
8,0.996961,-0.077869,0.002105,0.952106,-0.263950,0.154349,45.144325,0
8,0.997897,-0.064601,0.005376,0.952106,-0.263950,0.154349,45.177399,0
8,0.998464,-0.054718,0.008682,0.952106,-0.263950,0.154349,45.210728,0
8,0.998510,-0.053417,0.011186,0.952106,-0.263950,0.154349,45.244732,0
8,0.998246,-0.057966,0.012073,0.952106,-0.263950,0.154349,45.277374,0
8,0.997833,-0.064857,0.011077,0.952106,-0.263950,0.154349,45.310703,0
8,0.997213,-0.073956,0.009841,0.952106,-0.263950,0.154349,45.344265,0
8,0.996399,-0.084343,0.008715,0.952106,-0.263950,0.154349,45.377754,0
8,0.995673,-0.092531,0.008512,0.952106,-0.263950,0.154349,45.410561,0
8,0.995042,-0.099064,0.008771,0.952106,-0.263950,0.154349,45.444382,0
8,0.994400,-0.105359,0.008265,0.952106,-0.263950,0.154349,45.477867,0
8,0.993562,-0.113042,0.007441,0.952106,-0.263950,0.154349,45.510536,0
8,0.992639,-0.120915,0.006868,0.952106,-0.263950,0.154349,45.543854,0
8,0.990335,-0.138457,0.008098,0.952106,-0.263950,0.154349,45.577854,0
8,0.986679,-0.162440,0.008834,0.952106,-0.263950,0.154349,45.610752,0
8,0.983405,-0.181234,0.008310,0.952106,-0.263950,0.154349,45.643688,0
8,0.980100,-0.198398,0.006453,0.952106,-0.263950,0.154349,45.676773,0
8,0.976866,-0.213801,0.004695,0.952106,-0.263950,0.154349,45.710056,0
8,0.974888,-0.222668,0.003662,0.952106,-0.263950,0.154349,45.743378,0
8,0.973846,-0.227184,0.003354,0.952106,-0.263950,0.154349,45.778294,0
8,0.972910,-0.231165,0.002838,0.952106,-0.263950,0.154349,45.810551,0
8,0.972656,-0.232242,0.002153,0.952106,-0.263950,0.154349,45.843990,0
8,0.972700,-0.232062,0.001720,0.952106,-0.263950,0.154349,45.877415,0
8,0.972645,-0.232291,0.001476,0.952106,-0.263950,0.154349,45.910370,0
8,0.972584,-0.232551,0.000635,0.952106,-0.263950,0.154349,45.943432,0
8,0.972490,-0.232942,-0.000523,0.952106,-0.263950,0.154349,45.976952,0
8,0.972206,-0.234125,-0.001205,0.952106,-0.263950,0.154349,46.010483,0
8,0.971512,-0.236984,-0.001799,0.952106,-0.263950,0.154349,46.044220,0
9,0.995393,-0.089759,-0.033714,0.861986,0.491446,0.124343,49.740570,0
9,0.995375,-0.089620,-0.034602,0.861986,0.491446,0.124343,49.775883,0
9,0.995389,-0.089379,-0.034809,0.861986,0.491446,0.124343,49.807953,0
9,0.995376,-0.089371,-0.035220,0.861986,0.491446,0.124343,49.840900,0
9,0.995346,-0.089876,-0.034765,0.861986,0.491446,0.124343,49.874397,0
9,0.995276,-0.090602,-0.034897,0.861986,0.491446,0.124343,49.907780,0
9,0.995311,-0.090365,-0.034489,0.861986,0.491446,0.124343,49.941170,0
9,0.995397,-0.089364,-0.034621,0.861986,0.491446,0.124343,49.974602,0
9,0.995439,-0.088816,-0.034839,0.861986,0.491446,0.124343,50.007927,0
9,0.995434,-0.089158,-0.034079,0.861986,0.491446,0.124343,50.041157,0
9,0.995438,-0.089125,-0.034060,0.861986,0.491446,0.124343,50.074501,0
9,0.995561,-0.087822,-0.033852,0.861986,0.491446,0.124343,50.107735,0
9,0.996119,-0.081292,-0.033740,0.861986,0.491446,0.124343,50.140537,0
9,0.996822,-0.071579,-0.034969,0.861986,0.491446,0.124343,50.174198,0
9,0.997698,-0.058786,-0.033801,0.861986,0.491446,0.124343,50.207565,0
9,0.998672,-0.039575,-0.032996,0.861986,0.491446,0.124343,50.241096,0
9,0.999313,-0.017271,-0.032798,0.861986,0.491446,0.124343,50.274773,0
9,0.999434,0.006758,-0.032967,0.861986,0.491446,0.124343,50.308037,0
9,0.998904,0.033494,-0.032696,0.861986,0.491446,0.124343,50.341202,0
9,0.997473,0.063625,-0.031621,0.861986,0.491446,0.124343,50.374660,0
9,0.994991,0.094828,-0.031630,0.861986,0.491446,0.124343,50.408173,0
9,0.991491,0.126368,-0.031244,0.861986,0.491446,0.124343,50.440830,0
9,0.986861,0.158516,-0.031284,0.861986,0.491446,0.124343,50.474239,0
9,0.981441,0.189598,-0.028726,0.861986,0.491446,0.124343,50.507225,0
9,0.975363,0.219138,-0.025409,0.861986,0.491446,0.124343,50.540897,0
9,0.968904,0.246401,-0.022630,0.861986,0.491446,0.124343,50.574017,0
9,0.961286,0.274953,-0.018156,0.861986,0.491446,0.124343,50.607735,0
9,0.953319,0.301616,-0.014526,0.861986,0.491446,0.124343,50.640736,0
9,0.944782,0.327498,-0.011489,0.861986,0.491446,0.124343,50.674770,0
9,0.935987,0.351926,-0.008724,0.861986,0.491446,0.124343,50.708080,0
9,0.926612,0.375983,-0.005190,0.861986,0.491446,0.124343,50.741665,0
9,0.916073,0.401002,-0.002822,0.861986,0.491446,0.124343,50.775738,0
9,0.904909,0.425598,-0.002464,0.861986,0.491446,0.124343,50.808964,0
9,0.893101,0.449850,-0.002408,0.861986,0.491446,0.124343,50.842731,0
9,0.881604,0.471986,-0.001688,0.861986,0.491446,0.124343,50.875660,0
9,0.869427,0.494059,-0.001690,0.861986,0.491446,0.124343,50.908810,0
9,0.858113,0.513455,-0.002313,0.861986,0.491446,0.124343,50.942219,0
9,0.848257,0.529579,-0.002436,0.861986,0.491446,0.124343,50.975105,0
9,0.839491,0.543362,-0.003499,0.861986,0.491446,0.124343,51.009693,0
9,0.833376,0.552676,-0.005784,0.861986,0.491446,0.124343,51.041302,0
9,0.829443,0.558552,-0.006610,0.861986,0.491446,0.124343,51.074619,0
9,0.828347,0.560172,-0.006925,0.861986,0.491446,0.124343,51.107689,0
9,0.828442,0.560036,-0.006541,0.861986,0.491446,0.124343,51.140354,0
9,0.827680,0.561176,-0.005258,0.861986,0.491446,0.124343,51.174084,0
9,0.826121,0.563445,-0.007363,0.861986,0.491446,0.124343,51.206936,0
9,0.825791,0.563896,-0.009476,0.861986,0.491446,0.124343,51.239811,0
9,0.825995,0.563588,-0.010011,0.861986,0.491446,0.124343,51.273270,0
9,0.828380,0.560061,-0.010915,0.861986,0.491446,0.124343,51.306690,0
9,0.834000,0.551656,-0.010963,0.861986,0.491446,0.124343,51.339462,0
9,0.840163,0.542239,-0.010215,0.861986,0.491446,0.124343,51.373253,0
9,0.846438,0.532385,-0.010427,0.861986,0.491446,0.124343,51.406487,0
9,0.853776,0.520502,-0.011990,0.861986,0.491446,0.124343,51.439648,0
9,0.861155,0.508192,-0.012349,0.861986,0.491446,0.124343,51.473537,0
9,0.865416,0.500919,-0.011584,0.861986,0.491446,0.124343,51.507351,0
9,0.868742,0.495139,-0.011143,0.861986,0.491446,0.124343,51.540222,0
9,0.871633,0.490054,-0.010094,0.861986,0.491446,0.124343,51.574005,0
9,0.874041,0.485770,-0.008920,0.861986,0.491446,0.124343,51.606503,0
9,0.876249,0.481763,-0.009574,0.861986,0.491446,0.124343,51.639614,0
9,0.879914,0.475011,-0.010782,0.861986,0.491446,0.124343,51.672894,0
9,0.885057,0.465324,-0.012166,0.861986,0.491446,0.124343,51.706936,0
9,0.889225,0.457318,-0.011768,0.861986,0.491446,0.124343,51.740086,0
10,0.995396,-0.094775,-0.014268,0.922589,0.373392,0.096996,55.139618,0
10,0.995406,-0.094620,-0.014611,0.922589,0.373392,0.096996,55.173828,0
10,0.995483,-0.093768,-0.014887,0.922589,0.373392,0.096996,55.207867,0
10,0.995490,-0.093756,-0.014476,0.922589,0.373392,0.096996,55.239582,0
10,0.995479,-0.094036,-0.013396,0.922589,0.373392,0.096996,55.272892,0
10,0.995458,-0.094272,-0.013304,0.922589,0.373392,0.096996,55.306065,0
10,0.995404,-0.094716,-0.014114,0.922589,0.373392,0.096996,55.338928,0
10,0.995412,-0.094625,-0.014176,0.922589,0.373392,0.096996,55.372730,0
10,0.995381,-0.094849,-0.014815,0.922589,0.373392,0.096996,55.406021,0
10,0.995357,-0.095093,-0.014905,0.922589,0.373392,0.096996,55.439377,0
10,0.995325,-0.095522,-0.014242,0.922589,0.373392,0.096996,55.472916,0
10,0.995328,-0.095526,-0.014014,0.922589,0.373392,0.096996,55.506172,0
10,0.995457,-0.094201,-0.013830,0.922589,0.373392,0.096996,55.539639,0
10,0.995803,-0.090516,-0.013532,0.922589,0.373392,0.096996,55.572548,0
10,0.996264,-0.085270,-0.013691,0.922589,0.373392,0.096996,55.606251,0
10,0.996874,-0.077891,-0.013218,0.922589,0.373392,0.096996,55.639458,0
10,0.997837,-0.064586,-0.012223,0.922589,0.373392,0.096996,55.673428,0
10,0.998810,-0.047502,-0.011009,0.922589,0.373392,0.096996,55.706181,0
10,0.999468,-0.030970,-0.010219,0.922589,0.373392,0.096996,55.739975,0
10,0.999848,-0.014438,-0.009765,0.922589,0.373392,0.096996,55.773598,0
10,0.999976,0.001446,-0.006844,0.922589,0.373392,0.096996,55.806469,0
10,0.999873,0.015608,-0.003139,0.922589,0.373392,0.096996,55.839142,0
10,0.999598,0.028365,-0.000031,0.922589,0.373392,0.096996,55.871513,0
10,0.999207,0.039819,0.000725,0.922589,0.373392,0.096996,55.905293,0
10,0.998648,0.051971,0.000705,0.922589,0.373392,0.096996,55.939789,0
10,0.997896,0.064829,0.000679,0.922589,0.373392,0.096996,55.973167,0
10,0.996914,0.078500,0.000028,0.922589,0.373392,0.096996,56.009403,0
10,0.995442,0.095365,-0.000045,0.922589,0.373392,0.096996,56.039463,0
10,0.993394,0.114753,0.000788,0.922589,0.373392,0.096996,56.071857,0
10,0.990392,0.138279,0.001667,0.922589,0.373392,0.096996,56.105587,0
10,0.986011,0.166656,0.002962,0.922589,0.373392,0.096996,56.138275,0
10,0.980318,0.197394,0.003594,0.922589,0.373392,0.096996,56.172329,0
10,0.973260,0.229693,0.002530,0.922589,0.373392,0.096996,56.206299,0
10,0.964947,0.262431,0.002628,0.922589,0.373392,0.096996,56.239033,0
10,0.955873,0.293770,0.002580,0.922589,0.373392,0.096996,56.271511,0
10,0.946590,0.322431,0.002359,0.922589,0.373392,0.096996,56.305191,0
10,0.937211,0.348760,0.001325,0.922589,0.373392,0.096996,56.338467,0
10,0.927797,0.373085,0.000768,0.922589,0.373392,0.096996,56.372120,0
10,0.918158,0.396214,-0.000175,0.922589,0.373392,0.096996,56.404827,0
10,0.909135,0.416501,0.000013,0.922589,0.373392,0.096996,56.438530,0
10,0.899579,0.436756,0.001215,0.922589,0.373392,0.096996,56.471317,0
10,0.889656,0.456616,0.003670,0.922589,0.373392,0.096996,56.504333,0
10,0.878333,0.478012,0.005954,0.922589,0.373392,0.096996,56.537426,0
10,0.863742,0.503856,0.008875,0.922589,0.373392,0.096996,56.570885,0
10,0.847265,0.531090,0.009229,0.922589,0.373392,0.096996,56.604588,0
10,0.828936,0.559288,0.007795,0.922589,0.373392,0.096996,56.637531,0
10,0.808430,0.588556,0.006611,0.922589,0.373392,0.096996,56.671680,0
10,0.787537,0.616232,0.006627,0.922589,0.373392,0.096996,56.704910,0
10,0.770319,0.637623,0.006764,0.922589,0.373392,0.096996,56.738441,0
10,0.754839,0.655866,0.007607,0.922589,0.373392,0.096996,56.772308,0
10,0.742116,0.670221,0.008216,0.922589,0.373392,0.096996,56.805973,0
10,0.735048,0.677979,0.006907,0.922589,0.373392,0.096996,56.838654,0
10,0.733403,0.679743,0.008359,0.922589,0.373392,0.096996,56.871872,0
10,0.736712,0.676138,0.009631,0.922589,0.373392,0.096996,56.905678,0
10,0.744505,0.667549,0.009549,0.922589,0.373392,0.096996,56.940781,0
10,0.755326,0.655291,0.008750,0.922589,0.373392,0.096996,56.974079,0
10,0.769877,0.638152,0.007144,0.922589,0.373392,0.096996,57.008453,0
10,0.785772,0.618494,0.005225,0.922589,0.373392,0.096996,57.045013,0
10,0.803095,0.595845,0.002754,0.922589,0.373392,0.096996,57.077198,0
10,0.822407,0.568899,-0.000597,0.922589,0.373392,0.096996,57.108883,0
10,0.842579,0.538562,-0.003410,0.922589,0.373392,0.096996,57.141884,0
10,0.862149,0.506628,-0.005197,0.922589,0.373392,0.096996,57.177315,0
10,0.878110,0.478417,-0.006353,0.922589,0.373392,0.096996,57.215858,0
10,0.894713,0.446559,-0.008625,0.922589,0.373392,0.096996,57.250095,0
10,0.907484,0.419944,-0.010949,0.922589,0.373392,0.096996,57.286392,0
10,0.918628,0.394914,-0.012895,0.922589,0.373392,0.096996,57.318291,0
10,0.926542,0.375956,-0.013315,0.922589,0.373392,0.096996,57.348740,0
10,0.931731,0.362868,-0.014307,0.922589,0.373392,0.096996,57.380409,0
10,0.935475,0.353094,-0.014549,0.922589,0.373392,0.096996,57.411568,0
10,0.936429,0.350583,-0.013884,0.922589,0.373392,0.096996,57.442451,0
10,0.936611,0.350106,-0.013598,0.922589,0.373392,0.096996,57.472027,0
