1,0.998801,0.019891,-0.044741,0.990695,-0.034710,0.131602,2.931230,0
1,0.998852,0.018159,-0.044337,0.990695,-0.034710,0.131602,2.954136,0
1,0.998854,0.017167,-0.044669,0.990695,-0.034710,0.131602,2.975809,0
1,0.998827,0.016316,-0.045588,0.990695,-0.034710,0.131602,2.997535,0
1,0.998827,0.014654,-0.046144,0.990695,-0.034710,0.131602,3.020914,0
1,0.998839,0.012634,-0.046485,0.990695,-0.034710,0.131602,3.042153,0
1,0.998857,0.011261,-0.046460,0.990695,-0.034710,0.131602,3.064071,0
1,0.998856,0.010076,-0.046754,0.990695,-0.034710,0.131602,3.086636,0
1,0.998852,0.008838,-0.047088,0.990695,-0.034710,0.131602,3.109275,0
1,0.998840,0.007820,-0.047506,0.990695,-0.034710,0.131602,3.131085,0
1,0.998828,0.007548,-0.047799,0.990695,-0.034710,0.131602,3.154095,0
1,0.998829,0.008519,-0.047631,0.990695,-0.034710,0.131602,3.176038,0
1,0.998837,0.009242,-0.047315,0.990695,-0.034710,0.131602,3.197786,0
1,0.998859,0.010190,-0.046664,0.990695,-0.034710,0.131602,3.219852,0
1,0.998893,0.011876,-0.045524,0.990695,-0.034710,0.131602,3.242553,0
1,0.998920,0.013797,-0.044367,0.990695,-0.034710,0.131602,3.264421,0
1,0.998955,0.015024,-0.043165,0.990695,-0.034710,0.131602,3.286296,0
1,0.998926,0.016641,-0.043240,0.990695,-0.034710,0.131602,3.308821,0
1,0.998842,0.017736,-0.044733,0.990695,-0.034710,0.131602,3.330731,0
1,0.998724,0.018180,-0.047117,0.990695,-0.034710,0.131602,3.352720,0
1,0.998589,0.017738,-0.050051,0.990695,-0.034710,0.131602,3.374812,0
1,0.998447,0.016077,-0.053344,0.990695,-0.034710,0.131602,3.397073,0
1,0.998298,0.013988,-0.056613,0.990695,-0.034710,0.131602,3.420381,0
1,0.998166,0.011937,-0.059351,0.990695,-0.034710,0.131602,3.441681,0
1,0.998136,0.009477,-0.060288,0.990695,-0.034710,0.131602,3.463782,0
1,0.998195,0.006249,-0.059730,0.990695,-0.034710,0.131602,3.486042,0
1,0.998295,0.002360,-0.058321,0.990695,-0.034710,0.131602,3.508497,0
1,0.998416,-0.002400,-0.056215,0.990695,-0.034710,0.131602,3.530550,0
1,0.998478,-0.008213,-0.054540,0.990695,-0.034710,0.131602,3.553238,0
1,0.998437,-0.016059,-0.053541,0.990695,-0.034710,0.131602,3.574880,0
1,0.998309,-0.025683,-0.052143,0.990695,-0.034710,0.131602,3.596817,0
1,0.998134,-0.034193,-0.050580,0.990695,-0.034710,0.131602,3.619469,0
1,0.997909,-0.041754,-0.049333,0.990695,-0.034710,0.131602,3.641256,0
1,0.997701,-0.048764,-0.047064,0.990695,-0.034710,0.131602,3.663533,0
1,0.997542,-0.054064,-0.044580,0.990695,-0.034710,0.131602,3.685871,0
1,0.997454,-0.057428,-0.042282,0.990695,-0.034710,0.131602,3.708090,0
1,0.997441,-0.058850,-0.040591,0.990695,-0.034710,0.131602,3.730690,0
1,0.997491,-0.059036,-0.039077,0.990695,-0.034710,0.131602,3.752910,0
1,0.997538,-0.058784,-0.038246,0.990695,-0.034710,0.131602,3.774702,0
1,0.997480,-0.059478,-0.038665,0.990695,-0.034710,0.131602,3.796788,0
1,0.997308,-0.061719,-0.039604,0.990695,-0.034710,0.131602,3.819673,0
1,0.996996,-0.065922,-0.040650,0.990695,-0.034710,0.131602,3.841411,0
1,0.996453,-0.073483,-0.041013,0.990695,-0.034710,0.131602,3.864461,0
1,0.995538,-0.085019,-0.040929,0.990695,-0.034710,0.131602,3.886155,0
1,0.994325,-0.098144,-0.041050,0.990695,-0.034710,0.131602,3.908478,0
1,0.992722,-0.113252,-0.040951,0.990695,-0.034710,0.131602,3.930473,0
1,0.990892,-0.128294,-0.040904,0.990695,-0.034710,0.131602,3.952786,0
1,0.989040,-0.141814,-0.041098,0.990695,-0.034710,0.131602,3.974652,0
1,0.987374,-0.153233,-0.040151,0.990695,-0.034710,0.131602,3.997078,0
1,0.985950,-0.162684,-0.037901,0.990695,-0.034710,0.131602,4.019419,0
1,0.984794,-0.170194,-0.034842,0.990695,-0.034710,0.131602,4.042074,0
1,0.983855,-0.176036,-0.032273,0.990695,-0.034710,0.131602,4.063803,0
1,0.983191,-0.179961,-0.030808,0.990695,-0.034710,0.131602,4.086134,0
1,0.982731,-0.182628,-0.029770,0.990695,-0.034710,0.131602,4.108151,0
1,0.982445,-0.184364,-0.028483,0.990695,-0.034710,0.131602,4.130436,0
1,0.982490,-0.184347,-0.026999,0.990695,-0.034710,0.131602,4.152907,0
1,0.982606,-0.183710,-0.027132,0.990695,-0.034710,0.131602,4.174746,0
1,0.982709,-0.182951,-0.028509,0.990695,-0.034710,0.131602,4.197489,0
1,0.982744,-0.182595,-0.029555,0.990695,-0.034710,0.131602,4.219370,0
1,0.982583,-0.183311,-0.030451,0.990695,-0.034710,0.131602,4.241510,0
1,0.982755,-0.182399,-0.030379,0.990695,-0.034710,0.131602,4.264112,0
1,0.983066,-0.180887,-0.029345,0.990695,-0.034710,0.131602,4.285749,0
1,0.983220,-0.180041,-0.029391,0.990695,-0.034710,0.131602,4.308094,0
1,0.983330,-0.179491,-0.029085,0.990695,-0.034710,0.131602,4.330417,0
1,0.983398,-0.179385,-0.027362,0.990695,-0.034710,0.131602,4.352661,0
1,0.983335,-0.180352,-0.022943,0.990695,-0.034710,0.131602,4.374854,0
1,0.983121,-0.181954,-0.019122,0.990695,-0.034710,0.131602,4.397407,0
1,0.982847,-0.183446,-0.018954,0.990695,-0.034710,0.131602,4.419290,0
1,0.982536,-0.185073,-0.019235,0.990695,-0.034710,0.131602,4.441624,0
1,0.982206,-0.187003,-0.017376,0.990695,-0.034710,0.131602,4.463499,0
1,0.981872,-0.188973,-0.014706,0.990695,-0.034710,0.131602,4.485985,0
1,0.981483,-0.191091,-0.013232,0.990695,-0.034710,0.131602,4.508266,0
1,0.981131,-0.192901,-0.013109,0.990695,-0.034710,0.131602,4.530339,0
1,0.980850,-0.194216,-0.014605,0.990695,-0.034710,0.131602,4.552696,0
1,0.980692,-0.194888,-0.016155,0.990695,-0.034710,0.131602,4.574900,0
1,0.980632,-0.195088,-0.017388,0.990695,-0.034710,0.131602,4.597026,0
1,0.980796,-0.194271,-0.017289,0.990695,-0.034710,0.131602,4.619813,0
1,0.981064,-0.192944,-0.016888,0.990695,-0.034710,0.131602,4.641840,0
1,0.981400,-0.191197,-0.017257,0.990695,-0.034710,0.131602,4.663940,0
1,0.981776,-0.189169,-0.018208,0.990695,-0.034710,0.131602,4.686012,0
1,0.982261,-0.186634,-0.018187,0.990695,-0.034710,0.131602,4.708085,0
1,0.982703,-0.184367,-0.017408,0.990695,-0.034710,0.131602,4.731205,0
1,0.982842,-0.183604,-0.017663,0.990695,-0.034710,0.131602,4.752705,0
1,0.982958,-0.182932,-0.018159,0.990695,-0.034710,0.131602,4.775868,0
1,0.983005,-0.182682,-0.018138,0.990695,-0.034710,0.131602,4.796471,0
1,0.982979,-0.182818,-0.018179,0.990695,-0.034710,0.131602,4.818924,0
1,0.982984,-0.182714,-0.018950,0.990695,-0.034710,0.131602,4.841091,0
1,0.982839,-0.183397,-0.019850,0.990695,-0.034710,0.131602,4.863004,0
1,0.982594,-0.184611,-0.020684,0.990695,-0.034710,0.131602,4.885348,0
1,0.982408,-0.185578,-0.020857,0.990695,-0.034710,0.131602,4.907488,0
1,0.982264,-0.186280,-0.021372,0.990695,-0.034710,0.131602,4.930281,0
1,0.982107,-0.187016,-0.022178,0.990695,-0.034710,0.131602,4.952012,0
1,0.981963,-0.187638,-0.023254,0.990695,-0.034710,0.131602,4.974153,0
1,0.981906,-0.187908,-0.023459,0.990695,-0.034710,0.131602,4.996502,0
1,0.981923,-0.187833,-0.023376,0.990695,-0.034710,0.131602,5.018715,0
1,0.981942,-0.187664,-0.023926,0.990695,-0.034710,0.131602,5.041067,0
1,0.981863,-0.187992,-0.024580,0.990695,-0.034710,0.131602,5.062916,0
1,0.981820,-0.188153,-0.025065,0.990695,-0.034710,0.131602,5.085648,0
1,0.981905,-0.187701,-0.025130,0.990695,-0.034710,0.131602,5.107679,0
1,0.981973,-0.187376,-0.024869,0.990695,-0.034710,0.131602,5.129795,0
2,0.989044,-0.084370,-0.121132,0.836760,0.528405,0.143600,8.305696,0
2,0.989207,-0.084536,-0.119681,0.836760,0.528405,0.143600,8.328830,0
2,0.989376,-0.084938,-0.117986,0.836760,0.528405,0.143600,8.351038,0
2,0.989504,-0.085668,-0.116376,0.836760,0.528405,0.143600,8.372756,0
2,0.989589,-0.086227,-0.115234,0.836760,0.528405,0.143600,8.394260,0
2,0.989629,-0.087115,-0.114219,0.836760,0.528405,0.143600,8.416307,0
2,0.989588,-0.088203,-0.113734,0.836760,0.528405,0.143600,8.438885,0
2,0.989600,-0.088931,-0.113066,0.836760,0.528405,0.143600,8.461008,0
2,0.989637,-0.089474,-0.112307,0.836760,0.528405,0.143600,8.483331,0
2,0.989673,-0.090220,-0.111393,0.836760,0.528405,0.143600,8.506999,0
2,0.989656,-0.091089,-0.110829,0.836760,0.528405,0.143600,8.528674,0
2,0.989770,-0.090875,-0.109990,0.836760,0.528405,0.143600,8.550426,0
2,0.989877,-0.090442,-0.109377,0.836760,0.528405,0.143600,8.572520,0
2,0.990011,-0.089884,-0.108621,0.836760,0.528405,0.143600,8.594450,0
2,0.990069,-0.089749,-0.108202,0.836760,0.528405,0.143600,8.616514,0
2,0.990181,-0.089205,-0.107632,0.836760,0.528405,0.143600,8.638869,0
2,0.990291,-0.088614,-0.107101,0.836760,0.528405,0.143600,8.660964,0
2,0.990347,-0.088584,-0.106608,0.836760,0.528405,0.143600,8.683118,0
2,0.990332,-0.088757,-0.106602,0.836760,0.528405,0.143600,8.705219,0
2,0.990276,-0.089515,-0.106496,0.836760,0.528405,0.143600,8.727712,0
2,0.990284,-0.089621,-0.106327,0.836760,0.528405,0.143600,8.749809,0
2,0.990242,-0.089797,-0.106573,0.836760,0.528405,0.143600,8.771894,0
2,0.990158,-0.090423,-0.106819,0.836760,0.528405,0.143600,8.794351,0
2,0.990096,-0.090836,-0.107042,0.836760,0.528405,0.143600,8.816271,0
2,0.990088,-0.090939,-0.107030,0.836760,0.528405,0.143600,8.838768,0
2,0.990172,-0.089898,-0.107131,0.836760,0.528405,0.143600,8.860703,0
2,0.990306,-0.088315,-0.107214,0.836760,0.528405,0.143600,8.883057,0
2,0.990565,-0.085710,-0.106934,0.836760,0.528405,0.143600,8.905157,0
2,0.991045,-0.081051,-0.106115,0.836760,0.528405,0.143600,8.927505,0
2,0.991723,-0.074220,-0.104774,0.836760,0.528405,0.143600,8.950059,0
2,0.992521,-0.065567,-0.102974,0.836760,0.528405,0.143600,8.972178,0
2,0.993533,-0.053359,-0.100228,0.836760,0.528405,0.143600,8.993824,0
2,0.994637,-0.037256,-0.096486,0.836760,0.528405,0.143600,9.016231,0
2,0.995532,-0.017491,-0.092786,0.836760,0.528405,0.143600,9.038589,0
2,0.995996,0.006042,-0.089189,0.836760,0.528405,0.143600,9.060673,0
2,0.995853,0.031310,-0.085415,0.836760,0.528405,0.143600,9.082979,0
2,0.995032,0.057066,-0.081583,0.836760,0.528405,0.143600,9.105781,0
2,0.993599,0.082272,-0.077410,0.836760,0.528405,0.143600,9.128034,0
2,0.991488,0.107452,-0.073519,0.836760,0.528405,0.143600,9.150037,0
2,0.988873,0.130895,-0.070689,0.836760,0.528405,0.143600,9.171719,0
2,0.986085,0.151984,-0.067357,0.836760,0.528405,0.143600,9.194313,0
2,0.982912,0.172868,-0.063259,0.836760,0.528405,0.143600,9.216179,0
2,0.979702,0.191275,-0.059987,0.836760,0.528405,0.143600,9.238995,0
2,0.977004,0.205468,-0.056969,0.836760,0.528405,0.143600,9.261056,0
2,0.974763,0.217094,-0.052026,0.836760,0.528405,0.143600,9.283279,0
2,0.972724,0.227178,-0.046894,0.836760,0.528405,0.143600,9.305644,0
2,0.971434,0.233488,-0.042417,0.836760,0.528405,0.143600,9.328446,0
2,0.970607,0.237689,-0.037765,0.836760,0.528405,0.143600,9.350891,0
2,0.970194,0.239902,-0.034208,0.836760,0.528405,0.143600,9.372284,0
2,0.970013,0.241008,-0.031459,0.836760,0.528405,0.143600,9.394635,0
2,0.970318,0.240164,-0.028357,0.836760,0.528405,0.143600,9.416769,0
2,0.970872,0.238292,-0.024977,0.836760,0.528405,0.143600,9.439331,0
2,0.971615,0.235575,-0.021663,0.836760,0.528405,0.143600,9.461379,0
2,0.972267,0.233134,-0.018576,0.836760,0.528405,0.143600,9.483562,0
2,0.972956,0.230390,-0.016613,0.836760,0.528405,0.143600,9.505582,0
2,0.973624,0.227641,-0.015381,0.836760,0.528405,0.143600,9.527867,0
2,0.974256,0.224946,-0.014974,0.836760,0.528405,0.143600,9.550693,0
2,0.974957,0.221877,-0.015166,0.836760,0.528405,0.143600,9.572445,0
2,0.975717,0.218483,-0.015537,0.836760,0.528405,0.143600,9.594422,0
2,0.976221,0.216202,-0.015773,0.836760,0.528405,0.143600,9.616880,0
2,0.976575,0.214531,-0.016666,0.836760,0.528405,0.143600,9.638900,0
2,0.977081,0.212044,-0.018718,0.836760,0.528405,0.143600,9.661137,0
2,0.977426,0.210441,-0.018814,0.836760,0.528405,0.143600,9.683334,0
2,0.977495,0.210181,-0.018100,0.836760,0.528405,0.143600,9.705534,0
2,0.977657,0.209402,-0.018356,0.836760,0.528405,0.143600,9.728633,0
2,0.977872,0.208346,-0.018932,0.836760,0.528405,0.143600,9.750149,0
2,0.978110,0.207208,-0.019135,0.836760,0.528405,0.143600,9.772223,0
2,0.978373,0.205956,-0.019175,0.836760,0.528405,0.143600,9.794315,0
2,0.978722,0.204236,-0.019778,0.836760,0.528405,0.143600,9.816824,0
2,0.979233,0.201736,-0.020143,0.836760,0.528405,0.143600,9.838903,0
2,0.979656,0.199695,-0.019888,0.836760,0.528405,0.143600,9.861236,0
2,0.979983,0.198033,-0.020411,0.836760,0.528405,0.143600,9.883754,0
3,0.990967,0.130754,-0.029805,0.930759,0.329444,0.158598,13.126134,0
3,0.990974,0.130553,-0.030452,0.930759,0.329444,0.158598,13.149477,0
3,0.991000,0.130336,-0.030533,0.930759,0.329444,0.158598,13.170630,0
3,0.990973,0.130454,-0.030893,0.930759,0.329444,0.158598,13.194372,0
3,0.991005,0.130144,-0.031161,0.930759,0.329444,0.158598,13.214005,0
3,0.991092,0.129512,-0.031034,0.930759,0.329444,0.158598,13.236852,0
3,0.991179,0.128961,-0.030567,0.930759,0.329444,0.158598,13.259045,0
3,0.991203,0.128953,-0.029803,0.930759,0.329444,0.158598,13.281571,0
3,0.991204,0.128935,-0.029832,0.930759,0.329444,0.158598,13.304055,0
3,0.991212,0.128888,-0.029768,0.930759,0.329444,0.158598,13.325519,0
3,0.991230,0.128805,-0.029548,0.930759,0.329444,0.158598,13.347774,0
3,0.991190,0.129160,-0.029339,0.930759,0.329444,0.158598,13.370939,0
3,0.991177,0.129294,-0.029189,0.930759,0.329444,0.158598,13.392037,0
3,0.991129,0.129541,-0.029724,0.930759,0.329444,0.158598,13.414601,0
3,0.991187,0.129081,-0.029779,0.930759,0.329444,0.158598,13.436137,0
3,0.991166,0.129209,-0.029903,0.930759,0.329444,0.158598,13.458580,0
3,0.991144,0.129403,-0.029821,0.930759,0.329444,0.158598,13.481239,0
3,0.991129,0.129486,-0.029935,0.930759,0.329444,0.158598,13.503386,0
3,0.991120,0.129513,-0.030120,0.930759,0.329444,0.158598,13.525292,0
3,0.991082,0.129803,-0.030131,0.930759,0.329444,0.158598,13.547247,0
3,0.991005,0.130412,-0.030028,0.930759,0.329444,0.158598,13.570161,0
3,0.990902,0.131077,-0.030513,0.930759,0.329444,0.158598,13.591141,0
3,0.990878,0.131229,-0.030640,0.930759,0.329444,0.158598,13.612987,0
3,0.990890,0.131120,-0.030721,0.930759,0.329444,0.158598,13.635229,0
3,0.990918,0.130902,-0.030774,0.930759,0.329444,0.158598,13.657393,0
3,0.990954,0.130572,-0.031014,0.930759,0.329444,0.158598,13.679421,0
3,0.991031,0.130040,-0.030769,0.930759,0.329444,0.158598,13.701562,0
3,0.991107,0.129436,-0.030860,0.930759,0.329444,0.158598,13.724297,0
3,0.991141,0.129165,-0.030920,0.930759,0.329444,0.158598,13.746187,0
3,0.991186,0.128803,-0.030977,0.930759,0.329444,0.158598,13.769348,0
3,0.991289,0.127988,-0.031056,0.930759,0.329444,0.158598,13.791448,0
3,0.991482,0.126480,-0.031068,0.930759,0.329444,0.158598,13.813300,0
3,0.991687,0.124691,-0.031775,0.930759,0.329444,0.158598,13.836368,0
3,0.991925,0.122513,-0.032795,0.930759,0.329444,0.158598,13.857862,0
3,0.992345,0.118837,-0.033608,0.930759,0.329444,0.158598,13.879595,0
3,0.992856,0.114343,-0.034108,0.930759,0.329444,0.158598,13.901705,0
3,0.993367,0.109803,-0.034141,0.930759,0.329444,0.158598,13.923926,0
3,0.993844,0.105201,-0.034727,0.930759,0.329444,0.158598,13.946784,0
3,0.994442,0.099035,-0.035752,0.930759,0.329444,0.158598,13.968728,0
3,0.995087,0.091989,-0.036601,0.930759,0.329444,0.158598,13.990762,0
3,0.995639,0.085341,-0.037678,0.930759,0.329444,0.158598,14.013122,0
3,0.996197,0.077932,-0.038967,0.930759,0.329444,0.158598,14.035632,0
3,0.996767,0.069872,-0.039663,0.930759,0.329444,0.158598,14.058208,0
3,0.997216,0.063403,-0.039250,0.930759,0.329444,0.158598,14.080358,0
3,0.997510,0.058978,-0.038662,0.930759,0.329444,0.158598,14.102443,0
3,0.997730,0.055210,-0.038551,0.930759,0.329444,0.158598,14.124472,0
3,0.997909,0.052307,-0.037955,0.930759,0.329444,0.158598,14.146735,0
3,0.998016,0.050947,-0.036990,0.930759,0.329444,0.158598,14.169564,0
3,0.998029,0.050510,-0.037251,0.930759,0.329444,0.158598,14.191504,0
3,0.998045,0.049856,-0.037683,0.930759,0.329444,0.158598,14.213683,0
3,0.998031,0.050286,-0.037493,0.930759,0.329444,0.158598,14.235743,0
4,0.998484,0.041035,-0.036688,0.961556,-0.252306,0.108409,17.502132,0
4,0.998495,0.040926,-0.036519,0.961556,-0.252306,0.108409,17.524965,0
4,0.998511,0.040859,-0.036136,0.961556,-0.252306,0.108409,17.546223,0
4,0.998519,0.040844,-0.035944,0.961556,-0.252306,0.108409,17.568466,0
4,0.998515,0.040892,-0.036004,0.961556,-0.252306,0.108409,17.590944,0
4,0.998510,0.040929,-0.036100,0.961556,-0.252306,0.108409,17.612774,0
4,0.998516,0.040847,-0.036024,0.961556,-0.252306,0.108409,17.635036,0
4,0.998525,0.040899,-0.035706,0.961556,-0.252306,0.108409,17.657259,0
4,0.998540,0.040786,-0.035417,0.961556,-0.252306,0.108409,17.679752,0
4,0.998529,0.041036,-0.035444,0.961556,-0.252306,0.108409,17.701965,0
4,0.998528,0.040989,-0.035512,0.961556,-0.252306,0.108409,17.723991,0
4,0.998504,0.041696,-0.035364,0.961556,-0.252306,0.108409,17.746172,0
4,0.998469,0.042415,-0.035506,0.961556,-0.252306,0.108409,17.768780,0
4,0.998441,0.042740,-0.035911,0.961556,-0.252306,0.108409,17.790804,0
4,0.998416,0.043116,-0.036143,0.961556,-0.252306,0.108409,17.812963,0
4,0.998409,0.043155,-0.036283,0.961556,-0.252306,0.108409,17.835001,0
4,0.998395,0.043269,-0.036538,0.961556,-0.252306,0.108409,17.857162,0
4,0.998392,0.043135,-0.036779,0.961556,-0.252306,0.108409,17.879404,0
4,0.998409,0.042704,-0.036810,0.961556,-0.252306,0.108409,17.901369,0
4,0.998431,0.042239,-0.036752,0.961556,-0.252306,0.108409,17.923681,0
4,0.998440,0.041952,-0.036839,0.961556,-0.252306,0.108409,17.945820,0
4,0.998461,0.041632,-0.036639,0.961556,-0.252306,0.108409,17.968603,0
4,0.998468,0.041417,-0.036685,0.961556,-0.252306,0.108409,17.990387,0
4,0.998464,0.041100,-0.037146,0.961556,-0.252306,0.108409,18.013239,0
4,0.998462,0.040852,-0.037474,0.961556,-0.252306,0.108409,18.034737,0
4,0.998476,0.040518,-0.037478,0.961556,-0.252306,0.108409,18.057327,0
4,0.998507,0.040069,-0.037112,0.961556,-0.252306,0.108409,18.079369,0
4,0.998542,0.039236,-0.037064,0.961556,-0.252306,0.108409,18.102236,0
4,0.998591,0.037871,-0.037174,0.961556,-0.252306,0.108409,18.123976,0
4,0.998662,0.035816,-0.037313,0.961556,-0.252306,0.108409,18.146128,0
4,0.998753,0.032794,-0.037636,0.961556,-0.252306,0.108409,18.168974,0
4,0.998846,0.028253,-0.038850,0.961556,-0.252306,0.108409,18.190575,0
4,0.998971,0.021088,-0.040159,0.961556,-0.252306,0.108409,18.212481,0
4,0.999082,0.010644,-0.041502,0.961556,-0.252306,0.108409,18.235146,0
4,0.999053,-0.003224,-0.043384,0.961556,-0.252306,0.108409,18.257671,0
4,0.998788,-0.019328,-0.045258,0.961556,-0.252306,0.108409,18.279758,0
4,0.998221,-0.036852,-0.046871,0.961556,-0.252306,0.108409,18.301418,0
4,0.997317,-0.055572,-0.047655,0.961556,-0.252306,0.108409,18.323685,0
4,0.995808,-0.077433,-0.048688,0.961556,-0.252306,0.108409,18.345814,0
4,0.993716,-0.100075,-0.050126,0.961556,-0.252306,0.108409,18.368401,0
4,0.991170,-0.122453,-0.050871,0.961556,-0.252306,0.108409,18.392630,0
4,0.988149,-0.144710,-0.051182,0.961556,-0.252306,0.108409,18.411833,0
4,0.984543,-0.167317,-0.051776,0.961556,-0.252306,0.108409,18.434202,0
4,0.980844,-0.187930,-0.051257,0.961556,-0.252306,0.108409,18.455624,0
4,0.977737,-0.203664,-0.050512,0.961556,-0.252306,0.108409,18.478214,0
4,0.974596,-0.218312,-0.050022,0.961556,-0.252306,0.108409,18.500616,0
4,0.971384,-0.232269,-0.049642,0.961556,-0.252306,0.108409,18.522139,0
4,0.968575,-0.243781,-0.049334,0.961556,-0.252306,0.108409,18.544210,0
5,0.954525,-0.292639,-0.056968,0.987151,-0.113522,0.112452,21.763914,0
5,0.954439,-0.293046,-0.056296,0.987151,-0.113522,0.112452,21.787266,0
5,0.954534,-0.292799,-0.055979,0.987151,-0.113522,0.112452,21.808620,0
5,0.954479,-0.293002,-0.055856,0.987151,-0.113522,0.112452,21.830603,0
5,0.954384,-0.293333,-0.055748,0.987151,-0.113522,0.112452,21.852716,0
5,0.954280,-0.293678,-0.055712,0.987151,-0.113522,0.112452,21.875376,0
5,0.954276,-0.293718,-0.055563,0.987151,-0.113522,0.112452,21.899212,0
5,0.954161,-0.294102,-0.055508,0.987151,-0.113522,0.112452,21.920326,0
5,0.954023,-0.294578,-0.055350,0.987151,-0.113522,0.112452,21.941858,0
5,0.953814,-0.295212,-0.055583,0.987151,-0.113522,0.112452,21.964174,0
5,0.953735,-0.295451,-0.055662,0.987151,-0.113522,0.112452,21.986322,0
5,0.953755,-0.295357,-0.055822,0.987151,-0.113522,0.112452,22.008440,0
5,0.953749,-0.295441,-0.055469,0.987151,-0.113522,0.112452,22.030729,0
5,0.953822,-0.295212,-0.055434,0.987151,-0.113522,0.112452,22.053226,0
5,0.953911,-0.294937,-0.055360,0.987151,-0.113522,0.112452,22.075586,0
5,0.954213,-0.293945,-0.055438,0.987151,-0.113522,0.112452,22.098644,0
5,0.954291,-0.293665,-0.055591,0.987151,-0.113522,0.112452,22.120657,0
5,0.954453,-0.293069,-0.055937,0.987151,-0.113522,0.112452,22.142620,0
5,0.954483,-0.292918,-0.056215,0.987151,-0.113522,0.112452,22.166054,0
5,0.954562,-0.292639,-0.056344,0.987151,-0.113522,0.112452,22.187681,0
5,0.954540,-0.292695,-0.056416,0.987151,-0.113522,0.112452,22.210211,0
5,0.954469,-0.292823,-0.056953,0.987151,-0.113522,0.112452,22.231791,0
5,0.954357,-0.293149,-0.057160,0.987151,-0.113522,0.112452,22.254227,0
5,0.954276,-0.293484,-0.056789,0.987151,-0.113522,0.112452,22.276411,0
5,0.954179,-0.293826,-0.056644,0.987151,-0.113522,0.112452,22.298483,0
5,0.954053,-0.294210,-0.056768,0.987151,-0.113522,0.112452,22.321043,0
5,0.954055,-0.294180,-0.056889,0.987151,-0.113522,0.112452,22.343447,0
5,0.954006,-0.294326,-0.056965,0.987151,-0.113522,0.112452,22.364889,0
5,0.954011,-0.294293,-0.057053,0.987151,-0.113522,0.112452,22.387833,0
5,0.954138,-0.293921,-0.056843,0.987151,-0.113522,0.112452,22.409523,0
5,0.954322,-0.293389,-0.056508,0.987151,-0.113522,0.112452,22.431419,0
5,0.954601,-0.292487,-0.056467,0.987151,-0.113522,0.112452,22.453533,0
5,0.954976,-0.291336,-0.056075,0.987151,-0.113522,0.112452,22.475803,0
5,0.955722,-0.288943,-0.055754,0.987151,-0.113522,0.112452,22.498438,0
5,0.956698,-0.285618,-0.056132,0.987151,-0.113522,0.112452,22.520638,0
5,0.957711,-0.282127,-0.056517,0.987151,-0.113522,0.112452,22.542978,0
5,0.958685,-0.278795,-0.056531,0.987151,-0.113522,0.112452,22.565145,0
5,0.960034,-0.274161,-0.056312,0.987151,-0.113522,0.112452,22.587191,0
5,0.961530,-0.268934,-0.055981,0.987151,-0.113522,0.112452,22.609413,0
5,0.962689,-0.264858,-0.055505,0.987151,-0.113522,0.112452,22.631979,0
5,0.963858,-0.260704,-0.054867,0.987151,-0.113522,0.112452,22.653885,0
5,0.965252,-0.255563,-0.054555,0.987151,-0.113522,0.112452,22.676458,0
5,0.966220,-0.252041,-0.053796,0.987151,-0.113522,0.112452,22.699297,0
5,0.966857,-0.249892,-0.052358,0.987151,-0.113522,0.112452,22.721397,0
5,0.967644,-0.247179,-0.050680,0.987151,-0.113522,0.112452,22.743969,0
5,0.968720,-0.243209,-0.049312,0.987151,-0.113522,0.112452,22.766294,0
5,0.969492,-0.240302,-0.048378,0.987151,-0.113522,0.112452,22.788246,0
5,0.969872,-0.238922,-0.047590,0.987151,-0.113522,0.112452,22.810820,0
5,0.970274,-0.237562,-0.046171,0.987151,-0.113522,0.112452,22.832703,0
5,0.970685,-0.236094,-0.045058,0.987151,-0.113522,0.112452,22.854801,0
5,0.970954,-0.235111,-0.044387,0.987151,-0.113522,0.112452,22.876953,0
5,0.971142,-0.234349,-0.044308,0.987151,-0.113522,0.112452,22.899601,0
5,0.971369,-0.233460,-0.044028,0.987151,-0.113522,0.112452,22.921711,0
5,0.971677,-0.232246,-0.043656,0.987151,-0.113522,0.112452,22.943565,0
5,0.971906,-0.231265,-0.043756,0.987151,-0.113522,0.112452,22.965828,0
5,0.971979,-0.230849,-0.044335,0.987151,-0.113522,0.112452,22.988348,0
5,0.972009,-0.230582,-0.045066,0.987151,-0.113522,0.112452,23.010473,0
5,0.971996,-0.230526,-0.045621,0.987151,-0.113522,0.112452,23.032679,0
5,0.971945,-0.230634,-0.046151,0.987151,-0.113522,0.112452,23.054585,0
5,0.971862,-0.230924,-0.046453,0.987151,-0.113522,0.112452,23.077412,0
5,0.971704,-0.231603,-0.046379,0.987151,-0.113522,0.112452,23.099802,0
5,0.971583,-0.232141,-0.046225,0.987151,-0.113522,0.112452,23.121523,0
5,0.971461,-0.232639,-0.046280,0.987151,-0.113522,0.112452,23.144272,0
5,0.971336,-0.233142,-0.046393,0.987151,-0.113522,0.112452,23.165936,0
5,0.971180,-0.233797,-0.046354,0.987151,-0.113522,0.112452,23.188711,0
5,0.971118,-0.234043,-0.046408,0.987151,-0.113522,0.112452,23.210436,0
5,0.971142,-0.233865,-0.046801,0.987151,-0.113522,0.112452,23.233150,0
5,0.971180,-0.233645,-0.047098,0.987151,-0.113522,0.112452,23.254890,0
5,0.971188,-0.233580,-0.047265,0.987151,-0.113522,0.112452,23.277180,0
5,0.971187,-0.233526,-0.047557,0.987151,-0.113522,0.112452,23.299450,0
5,0.971171,-0.233513,-0.047945,0.987151,-0.113522,0.112452,23.322273,0
5,0.971162,-0.233481,-0.048274,0.987151,-0.113522,0.112452,23.343855,0
5,0.971157,-0.233338,-0.049058,0.987151,-0.113522,0.112452,23.365828,0
5,0.971082,-0.233423,-0.050141,0.987151,-0.113522,0.112452,23.389170,0
5,0.970983,-0.233659,-0.050941,0.987151,-0.113522,0.112452,23.409998,0
5,0.970964,-0.233567,-0.051731,0.987151,-0.113522,0.112452,23.432039,0
5,0.970944,-0.233597,-0.051957,0.987151,-0.113522,0.112452,23.453932,0
5,0.970923,-0.233666,-0.052052,0.987151,-0.113522,0.112452,23.476774,0
5,0.970724,-0.234532,-0.051859,0.987151,-0.113522,0.112452,23.499235,0
6,0.970597,-0.235473,-0.049936,0.936494,0.311072,0.161908,26.740238,0
6,0.970689,-0.234944,-0.050630,0.936494,0.311072,0.161908,26.763058,0
6,0.970699,-0.234811,-0.051058,0.936494,0.311072,0.161908,26.784878,0
6,0.970680,-0.234799,-0.051472,0.936494,0.311072,0.161908,26.806732,0
6,0.970614,-0.235063,-0.051519,0.936494,0.311072,0.161908,26.829309,0
6,0.970565,-0.235328,-0.051229,0.936494,0.311072,0.161908,26.852011,0
6,0.970392,-0.236090,-0.051008,0.936494,0.311072,0.161908,26.874544,0
6,0.970317,-0.236464,-0.050694,0.936494,0.311072,0.161908,26.897102,0
6,0.970251,-0.236738,-0.050676,0.936494,0.311072,0.161908,26.919241,0
6,0.970221,-0.236759,-0.051159,0.936494,0.311072,0.161908,26.941219,0
6,0.970116,-0.237234,-0.050937,0.936494,0.311072,0.161908,26.964096,0
6,0.970108,-0.237231,-0.051103,0.936494,0.311072,0.161908,26.985647,0
6,0.970110,-0.237264,-0.050918,0.936494,0.311072,0.161908,27.007496,0
6,0.970113,-0.237214,-0.051085,0.936494,0.311072,0.161908,27.029646,0
6,0.970003,-0.237656,-0.051121,0.936494,0.311072,0.161908,27.052086,0
6,0.969904,-0.238041,-0.051219,0.936494,0.311072,0.161908,27.074173,0
6,0.969961,-0.237788,-0.051299,0.936494,0.311072,0.161908,27.096638,0
6,0.969990,-0.237617,-0.051544,0.936494,0.311072,0.161908,27.120090,0
6,0.970053,-0.237369,-0.051516,0.936494,0.311072,0.161908,27.141815,0
6,0.970161,-0.236907,-0.051594,0.936494,0.311072,0.161908,27.163780,0
6,0.970352,-0.236093,-0.051740,0.936494,0.311072,0.161908,27.185659,0
6,0.970510,-0.235367,-0.052078,0.936494,0.311072,0.161908,27.207472,0
6,0.970721,-0.234476,-0.052168,0.936494,0.311072,0.161908,27.230780,0
6,0.970972,-0.233410,-0.052277,0.936494,0.311072,0.161908,27.251915,0
6,0.971326,-0.231896,-0.052439,0.936494,0.311072,0.161908,27.274405,0
6,0.971870,-0.229660,-0.052204,0.936494,0.311072,0.161908,27.296284,0
6,0.972804,-0.225711,-0.052033,0.936494,0.311072,0.161908,27.319105,0
6,0.973996,-0.220596,-0.051672,0.936494,0.311072,0.161908,27.341974,0
6,0.975610,-0.213285,-0.051917,0.936494,0.311072,0.161908,27.362925,0
6,0.977709,-0.203388,-0.052136,0.936494,0.311072,0.161908,27.386049,0
6,0.980198,-0.190882,-0.052689,0.936494,0.311072,0.161908,27.407831,0
6,0.982973,-0.175845,-0.053314,0.936494,0.311072,0.161908,27.430105,0
6,0.985923,-0.158291,-0.053854,0.936494,0.311072,0.161908,27.452274,0
6,0.988955,-0.137948,-0.054214,0.936494,0.311072,0.161908,27.474178,0
6,0.991554,-0.117447,-0.055013,0.936494,0.311072,0.161908,27.496187,0
6,0.993769,-0.096606,-0.055588,0.936494,0.311072,0.161908,27.518883,0
6,0.995685,-0.073870,-0.056163,0.936494,0.311072,0.161908,27.540962,0
6,0.997067,-0.051329,-0.056765,0.936494,0.311072,0.161908,27.562790,0
6,0.997915,-0.030634,-0.056802,0.936494,0.311072,0.161908,27.585100,0
6,0.998314,-0.011346,-0.056928,0.936494,0.311072,0.161908,27.607340,0
6,0.998364,0.005537,-0.056904,0.936494,0.311072,0.161908,27.629835,0
6,0.998206,0.018392,-0.056977,0.936494,0.311072,0.161908,27.651802,0
6,0.997974,0.028995,-0.056627,0.936494,0.311072,0.161908,27.673801,0
6,0.997679,0.037953,-0.056527,0.936494,0.311072,0.161908,27.696001,0
6,0.997424,0.044325,-0.056390,0.936494,0.311072,0.161908,27.718712,0
6,0.997291,0.047676,-0.056022,0.936494,0.311072,0.161908,27.740841,0
6,0.997266,0.049520,-0.054843,0.936494,0.311072,0.161908,27.762844,0
6,0.997260,0.050723,-0.053855,0.936494,0.311072,0.161908,27.784868,0
6,0.997283,0.050399,-0.053729,0.936494,0.311072,0.161908,27.807167,0
6,0.997392,0.048072,-0.053827,0.936494,0.311072,0.161908,27.829826,0
6,0.997536,0.045838,-0.053118,0.936494,0.311072,0.161908,27.851938,0
6,0.997639,0.044253,-0.052514,0.936494,0.311072,0.161908,27.873911,0
7,0.998756,0.003821,-0.049712,0.975033,-0.170110,0.142736,30.961561,0
7,0.998769,0.003486,-0.049477,0.975033,-0.170110,0.142736,30.984577,0
7,0.998779,0.003525,-0.049284,0.975033,-0.170110,0.142736,31.005554,0
7,0.998784,0.003455,-0.049181,0.975033,-0.170110,0.142736,31.027842,0
7,0.998788,0.003528,-0.049083,0.975033,-0.170110,0.142736,31.050430,0
7,0.998779,0.003476,-0.049285,0.975033,-0.170110,0.142736,31.072338,0
7,0.998780,0.003545,-0.049260,0.975033,-0.170110,0.142736,31.094574,0
7,0.998791,0.003346,-0.049041,0.975033,-0.170110,0.142736,31.117374,0
7,0.998802,0.003283,-0.048815,0.975033,-0.170110,0.142736,31.139553,0
7,0.998806,0.003358,-0.048737,0.975033,-0.170110,0.142736,31.161592,0
7,0.998815,0.003255,-0.048568,0.975033,-0.170110,0.142736,31.183779,0
7,0.998812,0.003548,-0.048592,0.975033,-0.170110,0.142736,31.205765,0
7,0.998813,0.003665,-0.048563,0.975033,-0.170110,0.142736,31.228422,0
7,0.998820,0.003814,-0.048420,0.975033,-0.170110,0.142736,31.250376,0
7,0.998809,0.004036,-0.048627,0.975033,-0.170110,0.142736,31.272459,0
7,0.998796,0.004215,-0.048876,0.975033,-0.170110,0.142736,31.294703,0
7,0.998796,0.004569,-0.048839,0.975033,-0.170110,0.142736,31.317019,0
7,0.998790,0.004837,-0.048942,0.975033,-0.170110,0.142736,31.339426,0
7,0.998791,0.004614,-0.048934,0.975033,-0.170110,0.142736,31.361439,0
7,0.998793,0.004091,-0.048946,0.975033,-0.170110,0.142736,31.383659,0
7,0.998780,0.003190,-0.049287,0.975033,-0.170110,0.142736,31.405598,0
7,0.998759,0.001507,-0.049782,0.975033,-0.170110,0.142736,31.428381,0
7,0.998752,-0.000846,-0.049935,0.975033,-0.170110,0.142736,31.450508,0
7,0.998708,-0.004577,-0.050606,0.975033,-0.170110,0.142736,31.473526,0
7,0.998662,-0.010159,-0.050707,0.975033,-0.170110,0.142736,31.494972,0
7,0.998595,-0.015561,-0.050663,0.975033,-0.170110,0.142736,31.516996,0
7,0.998480,-0.020996,-0.050953,0.975033,-0.170110,0.142736,31.539125,0
7,0.998299,-0.027224,-0.051550,0.975033,-0.170110,0.142736,31.561596,0
7,0.998075,-0.033863,-0.051966,0.975033,-0.170110,0.142736,31.583717,0
7,0.997798,-0.039935,-0.052954,0.975033,-0.170110,0.142736,31.605280,0
7,0.997449,-0.046693,-0.054002,0.975033,-0.170110,0.142736,31.628153,0
7,0.996974,-0.055070,-0.054870,0.975033,-0.170110,0.142736,31.650888,0
7,0.996326,-0.064866,-0.055919,0.975033,-0.170110,0.142736,31.672449,0
7,0.995499,-0.075565,-0.057199,0.975033,-0.170110,0.142736,31.695469,0
7,0.994394,-0.087952,-0.058696,0.975033,-0.170110,0.142736,31.717623,0
7,0.992891,-0.102503,-0.060499,0.975033,-0.170110,0.142736,31.739834,0
7,0.991217,-0.117392,-0.060895,0.975033,-0.170110,0.142736,31.761757,0
7,0.989557,-0.130588,-0.061023,0.975033,-0.170110,0.142736,31.784246,0
7,0.987680,-0.143905,-0.061473,0.975033,-0.170110,0.142736,31.806469,0
7,0.985372,-0.158783,-0.061891,0.975033,-0.170110,0.142736,31.828436,0
8,0.968012,-0.244311,-0.057131,0.945648,0.283913,0.158567,35.115334,0
8,0.968034,-0.244145,-0.057475,0.945648,0.283913,0.158567,35.138363,0
8,0.968070,-0.243997,-0.057498,0.945648,0.283913,0.158567,35.160347,0
8,0.968075,-0.244011,-0.057345,0.945648,0.283913,0.158567,35.182121,0
8,0.968081,-0.244013,-0.057248,0.945648,0.283913,0.158567,35.204285,0
8,0.968046,-0.244123,-0.057372,0.945648,0.283913,0.158567,35.227070,0
8,0.968013,-0.244167,-0.057729,0.945648,0.283913,0.158567,35.248810,0
8,0.967954,-0.244380,-0.057821,0.945648,0.283913,0.158567,35.270973,0
8,0.967928,-0.244486,-0.057812,0.945648,0.283913,0.158567,35.293350,0
8,0.967897,-0.244572,-0.057962,0.945648,0.283913,0.158567,35.315880,0
8,0.967877,-0.244640,-0.058007,0.945648,0.283913,0.158567,35.337933,0
8,0.967820,-0.244986,-0.057505,0.945648,0.283913,0.158567,35.360050,0
8,0.967820,-0.245033,-0.057305,0.945648,0.283913,0.158567,35.382183,0
8,0.967931,-0.244458,-0.057871,0.945648,0.283913,0.158567,35.404327,0
8,0.967938,-0.244219,-0.058766,0.945648,0.283913,0.158567,35.426834,0
8,0.967996,-0.243869,-0.059264,0.945648,0.283913,0.158567,35.449398,0
8,0.968009,-0.243714,-0.059686,0.945648,0.283913,0.158567,35.470982,0
8,0.967969,-0.243827,-0.059872,0.945648,0.283913,0.158567,35.493404,0
8,0.967934,-0.244014,-0.059668,0.945648,0.283913,0.158567,35.515579,0
8,0.967866,-0.244301,-0.059595,0.945648,0.283913,0.158567,35.538052,0
8,0.967884,-0.244210,-0.059691,0.945648,0.283913,0.158567,35.560314,0
8,0.967994,-0.243689,-0.060024,0.945648,0.283913,0.158567,35.582588,0
8,0.968180,-0.242936,-0.060077,0.945648,0.283913,0.158567,35.604198,0
8,0.968459,-0.241781,-0.060235,0.945648,0.283913,0.158567,35.626984,0
8,0.968964,-0.239703,-0.060433,0.945648,0.283913,0.158567,35.648998,0
8,0.969900,-0.235738,-0.061007,0.945648,0.283913,0.158567,35.670883,0
8,0.971124,-0.230728,-0.060689,0.945648,0.283913,0.158567,35.694588,0
8,0.972663,-0.224222,-0.060417,0.945648,0.283913,0.158567,35.714870,0
8,0.974558,-0.215804,-0.060539,0.945648,0.283913,0.158567,35.736958,0
8,0.976727,-0.205928,-0.059976,0.945648,0.283913,0.158567,35.759670,0
8,0.978995,-0.195028,-0.059438,0.945648,0.283913,0.158567,35.781059,0
8,0.981692,-0.181140,-0.058895,0.945648,0.283913,0.158567,35.803265,0
8,0.984584,-0.164753,-0.058746,0.945648,0.283913,0.158567,35.825947,0
8,0.987304,-0.147703,-0.058430,0.945648,0.283913,0.158567,35.848000,0
8,0.989789,-0.130214,-0.057981,0.945648,0.283913,0.158567,35.869854,0
8,0.992036,-0.111955,-0.057714,0.945648,0.283913,0.158567,35.892040,0
8,0.993991,-0.093115,-0.057543,0.945648,0.283913,0.158567,35.914242,0
9,0.998294,-0.020170,-0.054783,0.971957,-0.202894,0.118881,39.158558,0
9,0.998298,-0.019933,-0.054812,0.971957,-0.202894,0.118881,39.181564,0
9,0.998286,-0.019642,-0.055124,0.971957,-0.202894,0.118881,39.202271,0
9,0.998277,-0.019229,-0.055435,0.971957,-0.202894,0.118881,39.224224,0
9,0.998272,-0.019039,-0.055596,0.971957,-0.202894,0.118881,39.246323,0
9,0.998264,-0.018839,-0.055811,0.971957,-0.202894,0.118881,39.268799,0
9,0.998272,-0.018610,-0.055746,0.971957,-0.202894,0.118881,39.290657,0
9,0.998255,-0.018651,-0.056031,0.971957,-0.202894,0.118881,39.312744,0
9,0.998235,-0.018627,-0.056400,0.971957,-0.202894,0.118881,39.335197,0
9,0.998208,-0.018927,-0.056775,0.971957,-0.202894,0.118881,39.357559,0
9,0.998189,-0.019125,-0.057028,0.971957,-0.202894,0.118881,39.379547,0
9,0.998168,-0.019373,-0.057318,0.971957,-0.202894,0.118881,39.401737,0
9,0.998162,-0.019581,-0.057357,0.971957,-0.202894,0.118881,39.423752,0
9,0.998149,-0.019343,-0.057657,0.971957,-0.202894,0.118881,39.446079,0
9,0.998141,-0.019492,-0.057751,0.971957,-0.202894,0.118881,39.468990,0
9,0.998131,-0.019761,-0.057831,0.971957,-0.202894,0.118881,39.490757,0
9,0.998142,-0.019745,-0.057642,0.971957,-0.202894,0.118881,39.513252,0
9,0.998147,-0.019352,-0.057681,0.971957,-0.202894,0.118881,39.535583,0
9,0.998109,-0.019061,-0.058437,0.971957,-0.202894,0.118881,39.557423,0
9,0.998049,-0.019007,-0.059463,0.971957,-0.202894,0.118881,39.579861,0
9,0.998023,-0.019432,-0.059771,0.971957,-0.202894,0.118881,39.601704,0
9,0.997996,-0.020027,-0.060020,0.971957,-0.202894,0.118881,39.624279,0
9,0.997982,-0.020726,-0.060022,0.971957,-0.202894,0.118881,39.645889,0
9,0.997941,-0.022381,-0.060101,0.971957,-0.202894,0.118881,39.668354,0
9,0.997873,-0.024860,-0.060265,0.971957,-0.202894,0.118881,39.690582,0
9,0.997732,-0.029279,-0.060611,0.971957,-0.202894,0.118881,39.712769,0
9,0.997522,-0.034647,-0.061228,0.971957,-0.202894,0.118881,39.734924,0
9,0.997222,-0.041363,-0.061946,0.971957,-0.202894,0.118881,39.757328,0
9,0.996663,-0.051996,-0.062918,0.971957,-0.202894,0.118881,39.779301,0
9,0.995746,-0.066000,-0.064292,0.971957,-0.202894,0.118881,39.801369,0
9,0.994634,-0.080220,-0.065327,0.971957,-0.202894,0.118881,39.823856,0
9,0.993346,-0.094088,-0.066418,0.971957,-0.202894,0.118881,39.845699,0
9,0.991516,-0.110544,-0.068384,0.971957,-0.202894,0.118881,39.868469,0
9,0.988940,-0.130053,-0.071306,0.971957,-0.202894,0.118881,39.891598,0
9,0.985917,-0.150090,-0.073756,0.971957,-0.202894,0.118881,39.913345,0
9,0.982577,-0.169737,-0.075713,0.971957,-0.202894,0.118881,39.935703,0
9,0.978686,-0.190577,-0.076517,0.971957,-0.202894,0.118881,39.957962,0
9,0.974224,-0.212310,-0.076233,0.971957,-0.202894,0.118881,39.982014,0
9,0.970107,-0.230707,-0.075273,0.971957,-0.202894,0.118881,40.000748,0
10,0.961114,-0.266170,-0.073580,0.991328,-0.059527,0.117159,43.422573,0
10,0.961091,-0.266255,-0.073573,0.991328,-0.059527,0.117159,43.446030,0
10,0.961037,-0.266433,-0.073629,0.991328,-0.059527,0.117159,43.467983,0
10,0.960975,-0.266519,-0.074126,0.991328,-0.059527,0.117159,43.490185,0
10,0.960916,-0.266671,-0.074350,0.991328,-0.059527,0.117159,43.511402,0
10,0.960922,-0.266709,-0.074125,0.991328,-0.059527,0.117159,43.534264,0
10,0.960953,-0.266650,-0.073942,0.991328,-0.059527,0.117159,43.556709,0
10,0.960954,-0.266611,-0.074074,0.991328,-0.059527,0.117159,43.579315,0
10,0.960942,-0.266652,-0.074076,0.991328,-0.059527,0.117159,43.603165,0
10,0.960935,-0.266688,-0.074042,0.991328,-0.059527,0.117159,43.624569,0
10,0.961067,-0.266149,-0.074262,0.991328,-0.059527,0.117159,43.646599,0
10,0.961183,-0.265585,-0.074784,0.991328,-0.059527,0.117159,43.668846,0
10,0.961207,-0.265441,-0.074984,0.991328,-0.059527,0.117159,43.689766,0
10,0.961214,-0.265399,-0.075041,0.991328,-0.059527,0.117159,43.711266,0
10,0.961286,-0.265096,-0.075195,0.991328,-0.059527,0.117159,43.734043,0
10,0.961282,-0.265098,-0.075237,0.991328,-0.059527,0.117159,43.755272,0
10,0.961123,-0.265743,-0.074987,0.991328,-0.059527,0.117159,43.777958,0
10,0.961126,-0.265774,-0.074840,0.991328,-0.059527,0.117159,43.800282,0
10,0.961068,-0.266046,-0.074618,0.991328,-0.059527,0.117159,43.822365,0
10,0.961087,-0.266046,-0.074368,0.991328,-0.059527,0.117159,43.845177,0
10,0.961031,-0.266280,-0.074257,0.991328,-0.059527,0.117159,43.868183,0
10,0.960961,-0.266596,-0.074028,0.991328,-0.059527,0.117159,43.890858,0
10,0.960990,-0.266422,-0.074276,0.991328,-0.059527,0.117159,43.913994,0
10,0.961082,-0.266096,-0.074263,0.991328,-0.059527,0.117159,43.937565,0
10,0.961056,-0.266236,-0.074089,0.991328,-0.059527,0.117159,43.962166,0
10,0.961079,-0.266216,-0.073871,0.991328,-0.059527,0.117159,43.986031,0
10,0.961168,-0.265930,-0.073743,0.991328,-0.059527,0.117159,44.010277,0
10,0.961179,-0.265873,-0.073806,0.991328,-0.059527,0.117159,44.035221,0
10,0.961263,-0.265651,-0.073502,0.991328,-0.059527,0.117159,44.056419,0
10,0.961404,-0.265213,-0.073240,0.991328,-0.059527,0.117159,44.078659,0
10,0.961538,-0.264674,-0.073437,0.991328,-0.059527,0.117159,44.100723,0
10,0.961803,-0.263560,-0.073968,0.991328,-0.059527,0.117159,44.124153,0
10,0.962006,-0.262772,-0.074133,0.991328,-0.059527,0.117159,44.147942,0
10,0.962355,-0.261502,-0.074090,0.991328,-0.059527,0.117159,44.171146,0
10,0.962470,-0.260970,-0.074471,0.991328,-0.059527,0.117159,44.193462,0
10,0.962602,-0.260505,-0.074399,0.991328,-0.059527,0.117159,44.216896,0
10,0.962536,-0.260708,-0.074540,0.991328,-0.059527,0.117159,44.239212,0
10,0.962564,-0.260709,-0.074175,0.991328,-0.059527,0.117159,44.262775,0
10,0.962533,-0.260845,-0.074101,0.991328,-0.059527,0.117159,44.284496,0
10,0.962489,-0.261010,-0.074092,0.991328,-0.059527,0.117159,44.306595,0
10,0.962361,-0.261439,-0.074234,0.991328,-0.059527,0.117159,44.329235,0
10,0.962313,-0.261625,-0.074205,0.991328,-0.059527,0.117159,44.352142,0
10,0.962397,-0.261248,-0.074437,0.991328,-0.059527,0.117159,44.373604,0
10,0.962392,-0.261297,-0.074330,0.991328,-0.059527,0.117159,44.395752,0
10,0.962336,-0.261450,-0.074524,0.991328,-0.059527,0.117159,44.418945,0
10,0.962255,-0.261626,-0.074941,0.991328,-0.059527,0.117159,44.441864,0
10,0.962138,-0.261990,-0.075179,0.991328,-0.059527,0.117159,44.465393,0
10,0.962146,-0.261933,-0.075280,0.991328,-0.059527,0.117159,44.490177,0
10,0.962253,-0.261361,-0.075886,0.991328,-0.059527,0.117159,44.514206,0
10,0.962133,-0.261589,-0.076626,0.991328,-0.059527,0.117159,44.538673,0
10,0.962099,-0.261684,-0.076731,0.991328,-0.059527,0.117159,44.563042,0
10,0.962206,-0.261361,-0.076480,0.991328,-0.059527,0.117159,44.586903,0
10,0.962279,-0.261182,-0.076172,0.991328,-0.059527,0.117159,44.611736,0
10,0.962313,-0.261199,-0.075690,0.991328,-0.059527,0.117159,44.635937,0
10,0.962471,-0.260784,-0.075111,0.991328,-0.059527,0.117159,44.658669,0
