1,0.986953,0.151784,0.053719,0.992454,0.019619,0.121042,3.000115,0
1,0.988157,0.143903,0.053278,0.992454,0.019619,0.121042,3.032820,0
1,0.989473,0.134650,0.053034,0.992454,0.019619,0.121042,3.066703,0
1,0.990577,0.126415,0.052699,0.992454,0.019619,0.121042,3.101727,0
1,0.991509,0.119563,0.051129,0.992454,0.019619,0.121042,3.134372,0
1,0.992352,0.113212,0.049203,0.992454,0.019619,0.121042,3.166972,0
1,0.992934,0.108633,0.047768,0.992454,0.019619,0.121042,3.200695,0
1,0.993469,0.104441,0.045958,0.992454,0.019619,0.121042,3.232975,0
1,0.993964,0.100090,0.044913,0.992454,0.019619,0.121042,3.267928,0
1,0.994284,0.096137,0.046442,0.992454,0.019619,0.121042,3.300771,0
1,0.994874,0.086923,0.051676,0.992454,0.019619,0.121042,3.333642,0
1,0.995460,0.073077,0.060984,0.992454,0.019619,0.121042,3.367107,0
1,0.995686,0.060098,0.070700,0.992454,0.019619,0.121042,3.400108,0
1,0.995871,0.043500,0.079675,0.992454,0.019619,0.121042,3.432674,0
1,0.995938,0.027917,0.085600,0.992454,0.019619,0.121042,3.465960,0
1,0.995655,0.011862,0.092357,0.992454,0.019619,0.121042,3.499293,0
1,0.994873,-0.005455,0.100981,0.992454,0.019619,0.121042,3.534158,0
1,0.992669,-0.013919,0.120062,0.992454,0.019619,0.121042,3.566414,0
1,0.990971,-0.016808,0.133015,0.992454,0.019619,0.121042,3.599037,0
1,0.990347,-0.020627,0.137069,0.992454,0.019619,0.121042,3.633367,0
1,0.990234,-0.023771,0.137372,0.992454,0.019619,0.121042,3.666040,0
1,0.990834,-0.026727,0.132418,0.992454,0.019619,0.121042,3.699623,0
1,0.991530,-0.025333,0.127383,0.992454,0.019619,0.121042,3.732749,0
1,0.991925,-0.021837,0.124930,0.992454,0.019619,0.121042,3.765309,0
1,0.992236,-0.016435,0.123278,0.992454,0.019619,0.121042,3.799064,0
1,0.992560,-0.010198,0.121328,0.992454,0.019619,0.121042,3.832032,0
1,0.992763,-0.005223,0.119980,0.992454,0.019619,0.121042,3.865670,0
1,0.992907,-0.001279,0.118885,0.992454,0.019619,0.121042,3.899691,0
1,0.993118,0.003333,0.117067,0.992454,0.019619,0.121042,3.932244,0
1,0.993250,0.006965,0.115787,0.992454,0.019619,0.121042,3.965981,0
1,0.993271,0.011317,0.115257,0.992454,0.019619,0.121042,3.998675,0
1,0.993232,0.014458,0.115241,0.992454,0.019619,0.121042,4.032826,0
1,0.993137,0.015807,0.115886,0.992454,0.019619,0.121042,4.065526,0
1,0.993156,0.017329,0.115500,0.992454,0.019619,0.121042,4.100495,0
1,0.993224,0.017448,0.114898,0.992454,0.019619,0.121042,4.132813,0
2,0.995922,-0.005794,0.090029,0.973659,-0.177830,0.142701,7.397006,0
2,0.996013,-0.004594,0.089085,0.973659,-0.177830,0.142701,7.430264,0
2,0.996038,-0.004778,0.088797,0.973659,-0.177830,0.142701,7.464101,0
2,0.996092,-0.004969,0.088177,0.973659,-0.177830,0.142701,7.497348,0
2,0.996060,-0.005746,0.088499,0.973659,-0.177830,0.142701,7.530866,0
2,0.995928,-0.005767,0.089973,0.973659,-0.177830,0.142701,7.565511,0
2,0.995962,-0.004915,0.089642,0.973659,-0.177830,0.142701,7.599388,0
2,0.996019,-0.004699,0.089022,0.973659,-0.177830,0.142701,7.631375,0
2,0.996095,-0.005231,0.088136,0.973659,-0.177830,0.142701,7.665477,0
2,0.996031,-0.007879,0.088656,0.973659,-0.177830,0.142701,7.699270,0
2,0.995752,-0.020532,0.089760,0.973659,-0.177830,0.142701,7.732237,0
2,0.994890,-0.037276,0.093833,0.973659,-0.177830,0.142701,7.765668,0
2,0.993095,-0.062056,0.099557,0.973659,-0.177830,0.142701,7.798357,0
2,0.990662,-0.087586,0.104491,0.973659,-0.177830,0.142701,7.831004,0
2,0.987589,-0.112422,0.109674,0.973659,-0.177830,0.142701,7.865388,0
2,0.984734,-0.132914,0.112391,0.973659,-0.177830,0.142701,7.897455,0
2,0.982292,-0.147851,0.115080,0.973659,-0.177830,0.142701,7.930745,0
2,0.980114,-0.158944,0.118800,0.973659,-0.177830,0.142701,7.963129,0
2,0.978329,-0.168791,0.119927,0.973659,-0.177830,0.142701,7.997093,0
2,0.977026,-0.176563,0.119353,0.973659,-0.177830,0.142701,8.030541,0
2,0.976545,-0.179299,0.119215,0.973659,-0.177830,0.142701,8.063136,0
2,0.976524,-0.179800,0.118627,0.973659,-0.177830,0.142701,8.097461,0
2,0.976785,-0.178407,0.118583,0.973659,-0.177830,0.142701,8.131490,0
2,0.977216,-0.176527,0.117843,0.973659,-0.177830,0.142701,8.164847,0
2,0.977872,-0.175160,0.114393,0.973659,-0.177830,0.142701,8.197310,0
2,0.978495,-0.172996,0.112336,0.973659,-0.177830,0.142701,8.230442,0
3,0.982424,-0.146380,0.115824,0.982342,-0.119290,0.144129,11.595293,0
3,0.982494,-0.145619,0.116191,0.982342,-0.119290,0.144129,11.630239,0
3,0.982552,-0.145285,0.116117,0.982342,-0.119290,0.144129,11.662415,0
3,0.982626,-0.144544,0.116415,0.982342,-0.119290,0.144129,11.697373,0
3,0.982751,-0.143584,0.116549,0.982342,-0.119290,0.144129,11.730403,0
3,0.982871,-0.143056,0.116187,0.982342,-0.119290,0.144129,11.764109,0
3,0.982910,-0.142629,0.116381,0.982342,-0.119290,0.144129,11.796365,0
3,0.982889,-0.143116,0.115961,0.982342,-0.119290,0.144129,11.829659,0
3,0.982935,-0.143861,0.114641,0.982342,-0.119290,0.144129,11.864053,0
3,0.982850,-0.144396,0.114697,0.982342,-0.119290,0.144129,11.897248,0
3,0.981836,-0.144893,0.122493,0.982342,-0.119290,0.144129,11.929757,0
3,0.977591,-0.146486,0.151189,0.982342,-0.119290,0.144129,11.962569,0
3,0.974340,-0.147163,0.170306,0.982342,-0.119290,0.144129,11.996320,0
3,0.972424,-0.148372,0.179934,0.982342,-0.119290,0.144129,12.030024,0
3,0.971171,-0.147902,0.186954,0.982342,-0.119290,0.144129,12.062226,0
3,0.971219,-0.146781,0.187585,0.982342,-0.119290,0.144129,12.096276,0
3,0.972027,-0.145018,0.184754,0.982342,-0.119290,0.144129,12.129281,0
3,0.973018,-0.141813,0.182006,0.982342,-0.119290,0.144129,12.165319,0
3,0.973278,-0.139913,0.182084,0.982342,-0.119290,0.144129,12.198320,0
3,0.973554,-0.138833,0.181434,0.982342,-0.119290,0.144129,12.231310,0
3,0.973584,-0.140094,0.180298,0.982342,-0.119290,0.144129,12.264789,0
3,0.973935,-0.140045,0.178433,0.982342,-0.119290,0.144129,12.296967,0
3,0.974143,-0.141343,0.176258,0.982342,-0.119290,0.144129,12.329786,0
3,0.974419,-0.142212,0.174022,0.982342,-0.119290,0.144129,12.363153,0
3,0.974657,-0.142999,0.172032,0.982342,-0.119290,0.144129,12.395949,0
3,0.975143,-0.142177,0.169943,0.982342,-0.119290,0.144129,12.429731,0
3,0.976001,-0.139798,0.166969,0.982342,-0.119290,0.144129,12.462737,0
3,0.976900,-0.138008,0.163158,0.982342,-0.119290,0.144129,12.496214,0
3,0.977531,-0.137221,0.160011,0.982342,-0.119290,0.144129,12.528948,0
3,0.977760,-0.137877,0.158038,0.982342,-0.119290,0.144129,12.564274,0
3,0.977588,-0.140006,0.157224,0.982342,-0.119290,0.144129,12.596763,0
3,0.977124,-0.142683,0.157705,0.982342,-0.119290,0.144129,12.630754,0
3,0.976524,-0.147783,0.156718,0.982342,-0.119290,0.144129,12.662895,0
3,0.975951,-0.154461,0.153820,0.982342,-0.119290,0.144129,12.697420,0
3,0.975284,-0.161189,0.151127,0.982342,-0.119290,0.144129,12.728731,0
4,0.991511,-0.094751,0.089036,0.961336,-0.223401,0.161011,15.894712,0
4,0.991712,-0.094019,0.087569,0.961336,-0.223401,0.161011,15.928392,0
4,0.991856,-0.093592,0.086389,0.961336,-0.223401,0.161011,15.962173,0
4,0.991897,-0.092938,0.086622,0.961336,-0.223401,0.161011,15.994576,0
4,0.991961,-0.092514,0.086346,0.961336,-0.223401,0.161011,16.028137,0
4,0.992082,-0.091174,0.086376,0.961336,-0.223401,0.161011,16.063730,0
4,0.992225,-0.090342,0.085600,0.961336,-0.223401,0.161011,16.095905,0
4,0.992367,-0.089794,0.084524,0.961336,-0.223401,0.161011,16.129452,0
4,0.992469,-0.088882,0.084293,0.961336,-0.223401,0.161011,16.162764,0
4,0.992010,-0.091020,0.087360,0.961336,-0.223401,0.161011,16.195688,0
4,0.990146,-0.105870,0.091663,0.961336,-0.223401,0.161011,16.227863,0
4,0.987807,-0.124357,0.093667,0.961336,-0.223401,0.161011,16.261419,0
4,0.984224,-0.143387,0.103645,0.961336,-0.223401,0.161011,16.292814,0
4,0.979636,-0.166133,0.112750,0.961336,-0.223401,0.161011,16.327879,0
4,0.976092,-0.184685,0.114608,0.961336,-0.223401,0.161011,16.361467,0
4,0.972823,-0.199586,0.117391,0.961336,-0.223401,0.161011,16.394138,0
4,0.970444,-0.209584,0.119634,0.961336,-0.223401,0.161011,16.427525,0
4,0.969270,-0.214453,0.120525,0.961336,-0.223401,0.161011,16.462683,0
4,0.968116,-0.218201,0.123044,0.961336,-0.223401,0.161011,16.494461,0
4,0.967208,-0.221261,0.124711,0.961336,-0.223401,0.161011,16.528107,0
4,0.966960,-0.222168,0.125019,0.961336,-0.223401,0.161011,16.560989,0
4,0.966898,-0.222052,0.125700,0.961336,-0.223401,0.161011,16.593025,0
4,0.967322,-0.220259,0.125593,0.961336,-0.223401,0.161011,16.627260,0
4,0.967923,-0.217934,0.125024,0.961336,-0.223401,0.161011,16.659958,0
4,0.968473,-0.216110,0.123921,0.961336,-0.223401,0.161011,16.693518,0
4,0.968789,-0.214437,0.124354,0.961336,-0.223401,0.161011,16.726702,0
4,0.969251,-0.211730,0.125387,0.961336,-0.223401,0.161011,16.762197,0
4,0.969408,-0.210283,0.126607,0.961336,-0.223401,0.161011,16.794886,0
4,0.969579,-0.209285,0.126953,0.961336,-0.223401,0.161011,16.828165,0
4,0.969639,-0.208422,0.127907,0.961336,-0.223401,0.161011,16.860855,0
4,0.969529,-0.208211,0.129084,0.961336,-0.223401,0.161011,16.893404,0
4,0.969550,-0.208014,0.129243,0.961336,-0.223401,0.161011,16.927389,0
4,0.969500,-0.208385,0.129017,0.961336,-0.223401,0.161011,16.959776,0
4,0.969499,-0.208055,0.129557,0.961336,-0.223401,0.161011,16.992098,0
4,0.969559,-0.207587,0.129860,0.961336,-0.223401,0.161011,17.026976,0
4,0.969720,-0.206621,0.130196,0.961336,-0.223401,0.161011,17.061792,0
4,0.969847,-0.205781,0.130576,0.961336,-0.223401,0.161011,17.092875,0
4,0.969951,-0.205500,0.130253,0.961336,-0.223401,0.161011,17.127178,0
4,0.970186,-0.204403,0.130228,0.961336,-0.223401,0.161011,17.159758,0
4,0.970166,-0.203739,0.131410,0.961336,-0.223401,0.161011,17.194212,0
5,0.976919,-0.162366,0.138803,0.980686,0.150914,0.124420,20.458168,0
5,0.976912,-0.162830,0.138308,0.980686,0.150914,0.124420,20.492453,0
5,0.976803,-0.163257,0.138573,0.980686,0.150914,0.124420,20.525578,0
5,0.976771,-0.163250,0.138807,0.980686,0.150914,0.124420,20.560316,0
5,0.976860,-0.163068,0.138392,0.980686,0.150914,0.124420,20.591463,0
5,0.976994,-0.162422,0.138210,0.980686,0.150914,0.124420,20.626251,0
5,0.976957,-0.162193,0.138737,0.980686,0.150914,0.124420,20.659914,0
5,0.977025,-0.161887,0.138619,0.980686,0.150914,0.124420,20.692499,0
5,0.977068,-0.161782,0.138435,0.980686,0.150914,0.124420,20.725508,0
5,0.977192,-0.161454,0.137940,0.980686,0.150914,0.124420,20.758596,0
5,0.977579,-0.159545,0.137423,0.980686,0.150914,0.124420,20.792229,0
5,0.979163,-0.150245,0.136623,0.980686,0.150914,0.124420,20.826040,0
5,0.981871,-0.133993,0.134075,0.980686,0.150914,0.124420,20.859722,0
5,0.985500,-0.108402,0.130534,0.980686,0.150914,0.124420,20.891508,0
5,0.988913,-0.078008,0.126355,0.980686,0.150914,0.124420,20.926702,0
5,0.991294,-0.047507,0.122797,0.980686,0.150914,0.124420,20.958735,0
5,0.992666,-0.015130,0.119938,0.980686,0.150914,0.124420,20.991129,0
5,0.992859,0.017765,0.117966,0.980686,0.150914,0.124420,21.025492,0
5,0.991782,0.051494,0.117117,0.980686,0.150914,0.124420,21.058136,0
5,0.990090,0.078192,0.116653,0.980686,0.150914,0.124420,21.090799,0
5,0.987819,0.101293,0.118123,0.980686,0.150914,0.124420,21.124634,0
5,0.985579,0.120007,0.119295,0.980686,0.150914,0.124420,21.158281,0
5,0.984015,0.131819,0.119741,0.980686,0.150914,0.124420,21.192034,0
5,0.982242,0.144001,0.120269,0.980686,0.150914,0.124420,21.224842,0
5,0.980983,0.152010,0.120684,0.980686,0.150914,0.124420,21.259619,0
5,0.980469,0.154501,0.121695,0.980686,0.150914,0.124420,21.291435,0
5,0.980121,0.157214,0.121025,0.980686,0.150914,0.124420,21.325193,0
5,0.980322,0.155410,0.121726,0.980686,0.150914,0.124420,21.359922,0
5,0.980569,0.153696,0.121906,0.980686,0.150914,0.124420,21.391758,0
5,0.980725,0.152724,0.121875,0.980686,0.150914,0.124420,21.424870,0
5,0.981090,0.149793,0.122577,0.980686,0.150914,0.124420,21.458723,0
5,0.980856,0.150311,0.123811,0.980686,0.150914,0.124420,21.491302,0
5,0.981061,0.148225,0.124698,0.980686,0.150914,0.124420,21.524351,0
5,0.981101,0.147528,0.125206,0.980686,0.150914,0.124420,21.558790,0
5,0.981243,0.146293,0.125540,0.980686,0.150914,0.124420,21.590549,0
5,0.981492,0.144214,0.126000,0.980686,0.150914,0.124420,21.625830,0
5,0.981594,0.143460,0.126066,0.980686,0.150914,0.124420,21.658825,0
5,0.981886,0.141391,0.126128,0.980686,0.150914,0.124420,21.691256,0
5,0.982202,0.138624,0.126741,0.980686,0.150914,0.124420,21.724873,0
5,0.982482,0.136440,0.126936,0.980686,0.150914,0.124420,21.758389,0
5,0.982685,0.134454,0.127483,0.980686,0.150914,0.124420,21.790949,0
5,0.982790,0.133502,0.127673,0.980686,0.150914,0.124420,21.824825,0
5,0.982933,0.132445,0.127672,0.980686,0.150914,0.124420,21.862375,0
6,0.989536,0.019181,0.143008,0.963759,0.233410,0.129180,25.056295,0
6,0.989525,0.016016,0.143473,0.963759,0.233410,0.129180,25.090809,0
6,0.989328,0.013937,0.145038,0.963759,0.233410,0.129180,25.124029,0
6,0.989094,0.010519,0.146908,0.963759,0.233410,0.129180,25.156397,0
6,0.988913,0.006517,0.148354,0.963759,0.233410,0.129180,25.189358,0
6,0.988741,0.003008,0.149604,0.963759,0.233410,0.129180,25.224052,0
6,0.988474,-0.000182,0.151392,0.963759,0.233410,0.129180,25.257807,0
6,0.988327,-0.002453,0.152328,0.963759,0.233410,0.129180,25.290289,0
6,0.988086,-0.003562,0.153859,0.963759,0.233410,0.129180,25.324146,0
6,0.987866,-0.003226,0.155278,0.963759,0.233410,0.129180,25.356306,0
6,0.987850,-0.002958,0.155383,0.963759,0.233410,0.129180,25.390129,0
6,0.987494,0.000022,0.157657,0.963759,0.233410,0.129180,25.422781,0
6,0.986767,0.010937,0.161775,0.963759,0.233410,0.129180,25.456968,0
6,0.984765,0.045698,0.167779,0.963759,0.233410,0.129180,25.490723,0
6,0.980013,0.100554,0.171648,0.963759,0.233410,0.129180,25.524033,0
6,0.971365,0.161139,0.174600,0.963759,0.233410,0.129180,25.556877,0
6,0.960500,0.217403,0.173713,0.963759,0.233410,0.129180,25.590618,0
6,0.951158,0.258913,0.168114,0.963759,0.233410,0.129180,25.624107,0
6,0.944806,0.286331,0.159238,0.963759,0.233410,0.129180,25.656088,0
6,0.940899,0.302800,0.151726,0.963759,0.233410,0.129180,25.688536,0
6,0.939528,0.309901,0.145771,0.963759,0.233410,0.129180,25.722469,0
6,0.939441,0.312264,0.141214,0.963759,0.233410,0.129180,25.755724,0
6,0.941047,0.308897,0.137890,0.963759,0.233410,0.129180,25.788290,0
6,0.944334,0.299705,0.135681,0.963759,0.233410,0.129180,25.822275,0
6,0.946635,0.293160,0.133935,0.963759,0.233410,0.129180,25.855625,0
6,0.950351,0.282400,0.130701,0.963759,0.233410,0.129180,25.888710,0
6,0.953451,0.272930,0.128223,0.963759,0.233410,0.129180,25.922667,0
6,0.956786,0.262509,0.125101,0.963759,0.233410,0.129180,25.955711,0
7,0.986180,-0.102209,0.130390,0.985961,0.105476,0.129443,29.087671,0
7,0.986243,-0.100684,0.131100,0.985961,0.105476,0.129443,29.121357,0
7,0.986384,-0.099019,0.131308,0.985961,0.105476,0.129443,29.154972,0
7,0.986502,-0.097394,0.131635,0.985961,0.105476,0.129443,29.188162,0
7,0.986671,-0.095622,0.131668,0.985961,0.105476,0.129443,29.221468,0
7,0.986783,-0.094145,0.131891,0.985961,0.105476,0.129443,29.255171,0
7,0.986818,-0.092979,0.132457,0.985961,0.105476,0.129443,29.288637,0
7,0.986827,-0.091798,0.133214,0.985961,0.105476,0.129443,29.320330,0
7,0.987020,-0.089399,0.133414,0.985961,0.105476,0.129443,29.356998,0
7,0.987607,-0.083986,0.132584,0.985961,0.105476,0.129443,29.387911,0
7,0.988859,-0.072426,0.130050,0.985961,0.105476,0.129443,29.420601,0
7,0.990135,-0.059681,0.126772,0.985961,0.105476,0.129443,29.453989,0
7,0.991447,-0.043502,0.123043,0.985961,0.105476,0.129443,29.486628,0
7,0.992523,-0.026097,0.119234,0.985961,0.105476,0.129443,29.520514,0
7,0.993330,-0.009509,0.114917,0.985961,0.105476,0.129443,29.554243,0
7,0.993737,0.006826,0.111534,0.985961,0.105476,0.129443,29.587532,0
7,0.993831,0.020154,0.109060,0.985961,0.105476,0.129443,29.620630,0
7,0.993625,0.033625,0.107608,0.985961,0.105476,0.129443,29.653994,0
7,0.993108,0.046124,0.107744,0.985961,0.105476,0.129443,29.686783,0
7,0.992599,0.054861,0.108337,0.985961,0.105476,0.129443,29.719551,0
7,0.991902,0.063361,0.110069,0.985961,0.105476,0.129443,29.752996,0
7,0.991424,0.068787,0.111119,0.985961,0.105476,0.129443,29.786480,0
7,0.991204,0.070665,0.111900,0.985961,0.105476,0.129443,29.819702,0
7,0.991123,0.071274,0.112226,0.985961,0.105476,0.129443,29.852428,0
7,0.991203,0.069701,0.112511,0.985961,0.105476,0.129443,29.885761,0
7,0.991390,0.067439,0.112241,0.985961,0.105476,0.129443,29.919453,0
7,0.991416,0.067308,0.112089,0.985961,0.105476,0.129443,29.952520,0
7,0.991348,0.067237,0.112734,0.985961,0.105476,0.129443,29.986422,0
7,0.991381,0.066624,0.112804,0.985961,0.105476,0.129443,30.020084,0
7,0.991392,0.065743,0.113224,0.985961,0.105476,0.129443,30.052721,0
7,0.991430,0.065612,0.112965,0.985961,0.105476,0.129443,30.086790,0
7,0.991490,0.064782,0.112924,0.985961,0.105476,0.129443,30.119730,0
7,0.991621,0.063955,0.112239,0.985961,0.105476,0.129443,30.152821,0
7,0.991613,0.064555,0.111964,0.985961,0.105476,0.129443,30.186459,0
7,0.991567,0.064753,0.112261,0.985961,0.105476,0.129443,30.219986,0
7,0.991593,0.064395,0.112235,0.985961,0.105476,0.129443,30.252893,0
7,0.991536,0.064397,0.112733,0.985961,0.105476,0.129443,30.286253,0
7,0.991580,0.063481,0.112865,0.985961,0.105476,0.129443,30.318893,0
7,0.991670,0.061409,0.113221,0.985961,0.105476,0.129443,30.353401,0
7,0.991675,0.061261,0.113260,0.985961,0.105476,0.129443,30.385952,0
8,0.988993,-0.071228,0.129693,0.928461,-0.358034,0.098850,33.752308,0
8,0.989014,-0.072313,0.128924,0.928461,-0.358034,0.098850,33.786251,0
8,0.989154,-0.072240,0.127892,0.928461,-0.358034,0.098850,33.819630,0
8,0.989276,-0.073059,0.126473,0.928461,-0.358034,0.098850,33.853539,0
8,0.989450,-0.073134,0.125059,0.928461,-0.358034,0.098850,33.885818,0
8,0.989654,-0.072779,0.123648,0.928461,-0.358034,0.098850,33.919361,0
8,0.989759,-0.072302,0.123087,0.928461,-0.358034,0.098850,33.952301,0
8,0.989929,-0.071269,0.122314,0.928461,-0.358034,0.098850,33.985828,0
8,0.990000,-0.071402,0.121661,0.928461,-0.358034,0.098850,34.018208,0
8,0.989644,-0.075225,0.122256,0.928461,-0.358034,0.098850,34.052391,0
8,0.988062,-0.092017,0.123557,0.928461,-0.358034,0.098850,34.085148,0
8,0.986199,-0.110865,0.122961,0.928461,-0.358034,0.098850,34.118202,0
8,0.983739,-0.131857,0.121949,0.928461,-0.358034,0.098850,34.152187,0
8,0.979347,-0.161501,0.121644,0.928461,-0.358034,0.098850,34.184101,0
8,0.974377,-0.190443,0.119669,0.928461,-0.358034,0.098850,34.218063,0
8,0.968298,-0.219796,0.118691,0.928461,-0.358034,0.098850,34.251461,0
8,0.961430,-0.247712,0.119550,0.928461,-0.358034,0.098850,34.284306,0
8,0.955352,-0.270555,0.118756,0.928461,-0.358034,0.098850,34.317852,0
8,0.950283,-0.289262,0.115284,0.928461,-0.358034,0.098850,34.351112,0
8,0.946397,-0.303502,0.110536,0.928461,-0.358034,0.098850,34.384251,0
8,0.942933,-0.315535,0.106374,0.928461,-0.358034,0.098850,34.417839,0
8,0.940336,-0.324593,0.102015,0.928461,-0.358034,0.098850,34.452053,0
8,0.938105,-0.332303,0.097642,0.928461,-0.358034,0.098850,34.485458,0
8,0.936801,-0.337200,0.093274,0.928461,-0.358034,0.098850,34.518978,0
8,0.936765,-0.338254,0.089756,0.928461,-0.358034,0.098850,34.552628,0
8,0.937038,-0.338187,0.087120,0.928461,-0.358034,0.098850,34.586201,0
8,0.938144,-0.335614,0.085145,0.928461,-0.358034,0.098850,34.619541,0
8,0.939118,-0.333209,0.083838,0.928461,-0.358034,0.098850,34.652359,0
9,0.956024,-0.271701,0.110436,0.986795,-0.007891,0.161784,38.116837,0
9,0.955969,-0.271843,0.110567,0.986795,-0.007891,0.161784,38.150146,0
9,0.956232,-0.270928,0.110538,0.986795,-0.007891,0.161784,38.183781,0
9,0.956484,-0.270473,0.109467,0.986795,-0.007891,0.161784,38.216316,0
9,0.956825,-0.269564,0.108727,0.986795,-0.007891,0.161784,38.250584,0
9,0.957042,-0.268843,0.108601,0.986795,-0.007891,0.161784,38.284340,0
9,0.957231,-0.267939,0.109167,0.986795,-0.007891,0.161784,38.316975,0
9,0.957626,-0.266498,0.109230,0.986795,-0.007891,0.161784,38.350967,0
9,0.957858,-0.265723,0.109086,0.986795,-0.007891,0.161784,38.383625,0
9,0.958250,-0.264064,0.109672,0.986795,-0.007891,0.161784,38.416893,0
9,0.959438,-0.259784,0.109506,0.986795,-0.007891,0.161784,38.449108,0
9,0.962239,-0.248796,0.110436,0.986795,-0.007891,0.161784,38.483200,0
9,0.965957,-0.233178,0.112048,0.986795,-0.007891,0.161784,38.515949,0
9,0.970837,-0.210945,0.113917,0.986795,-0.007891,0.161784,38.550266,0
9,0.975076,-0.189629,0.115182,0.986795,-0.007891,0.161784,38.582550,0
9,0.978803,-0.167989,0.117153,0.986795,-0.007891,0.161784,38.616570,0
9,0.982137,-0.146090,0.118597,0.986795,-0.007891,0.161784,38.650650,0
9,0.984982,-0.124226,0.119911,0.986795,-0.007891,0.161784,38.683659,0
9,0.987331,-0.102969,0.120724,0.986795,-0.007891,0.161784,38.717911,0
9,0.988762,-0.084097,0.123599,0.986795,-0.007891,0.161784,38.749569,0
9,0.989379,-0.069369,0.127737,0.986795,-0.007891,0.161784,38.783257,0
9,0.989758,-0.056903,0.130927,0.986795,-0.007891,0.161784,38.815361,0
9,0.989736,-0.048301,0.134498,0.986795,-0.007891,0.161784,38.848640,0
9,0.989609,-0.041670,0.137616,0.986795,-0.007891,0.161784,38.881947,0
9,0.989527,-0.038404,0.139142,0.986795,-0.007891,0.161784,38.916157,0
9,0.989535,-0.037551,0.139324,0.986795,-0.007891,0.161784,38.950459,0
9,0.989438,-0.038401,0.139781,0.986795,-0.007891,0.161784,38.983315,0
9,0.989380,-0.038928,0.140041,0.986795,-0.007891,0.161784,39.017975,0
9,0.989289,-0.040831,0.140143,0.986795,-0.007891,0.161784,39.050438,0
9,0.989049,-0.043098,0.141156,0.986795,-0.007891,0.161784,39.083904,0
9,0.988895,-0.044434,0.141815,0.986795,-0.007891,0.161784,39.117001,0
9,0.988782,-0.045793,0.142176,0.986795,-0.007891,0.161784,39.151295,0
9,0.988605,-0.047539,0.142832,0.986795,-0.007891,0.161784,39.185104,0
9,0.988472,-0.049264,0.143164,0.986795,-0.007891,0.161784,39.217361,0
9,0.988302,-0.050393,0.143940,0.986795,-0.007891,0.161784,39.249687,0
9,0.988259,-0.049953,0.144394,0.986795,-0.007891,0.161784,39.283779,0
10,0.988461,-0.044629,0.144750,0.986497,-0.068749,0.148655,42.747314,0
10,0.988490,-0.044736,0.144522,0.986497,-0.068749,0.148655,42.782261,0
10,0.988545,-0.045405,0.143936,0.986497,-0.068749,0.148655,42.814487,0
10,0.988549,-0.045795,0.143783,0.986497,-0.068749,0.148655,42.848633,0
10,0.988558,-0.045710,0.143748,0.986497,-0.068749,0.148655,42.885277,0
10,0.988515,-0.046169,0.143895,0.986497,-0.068749,0.148655,42.917347,0
10,0.988535,-0.046043,0.143802,0.986497,-0.068749,0.148655,42.949654,0
10,0.988641,-0.045062,0.143384,0.986497,-0.068749,0.148655,42.981548,0
10,0.988726,-0.044441,0.142992,0.986497,-0.068749,0.148655,43.014435,0
10,0.988791,-0.043503,0.142825,0.986497,-0.068749,0.148655,43.048637,0
10,0.988841,-0.043320,0.142536,0.986497,-0.068749,0.148655,43.082050,0
10,0.988817,-0.043559,0.142630,0.986497,-0.068749,0.148655,43.115799,0
10,0.988937,-0.043006,0.141963,0.986497,-0.068749,0.148655,43.149223,0
10,0.988906,-0.043433,0.142054,0.986497,-0.068749,0.148655,43.181355,0
10,0.988637,-0.044476,0.143593,0.986497,-0.068749,0.148655,43.216606,0
10,0.988292,-0.047631,0.144951,0.986497,-0.068749,0.148655,43.248993,0
10,0.988042,-0.050222,0.145778,0.986497,-0.068749,0.148655,43.282375,0
10,0.987998,-0.051345,0.145683,0.986497,-0.068749,0.148655,43.315952,0
10,0.988113,-0.052138,0.144620,0.986497,-0.068749,0.148655,43.348282,0
10,0.988124,-0.051952,0.144610,0.986497,-0.068749,0.148655,43.381203,0
