1,0.999657,0.025835,0.004253,0.968522,-0.225195,0.106079,2.865905,0
1,0.999635,0.026559,0.004980,0.968522,-0.225195,0.106079,2.900573,0
1,0.999617,0.027150,0.005308,0.968522,-0.225195,0.106079,2.932992,0
1,0.999615,0.027139,0.005803,0.968522,-0.225195,0.106079,2.966852,0
1,0.999620,0.026812,0.006341,0.968522,-0.225195,0.106079,2.999495,0
1,0.999625,0.026525,0.006797,0.968522,-0.225195,0.106079,3.033601,0
1,0.999612,0.026718,0.007921,0.968522,-0.225195,0.106079,3.066272,0
1,0.999589,0.027588,0.007811,0.968522,-0.225195,0.106079,3.099974,0
1,0.999563,0.028772,0.006786,0.968522,-0.225195,0.106079,3.132975,0
1,0.999581,0.028493,0.005074,0.968522,-0.225195,0.106079,3.166042,0
1,0.999681,0.025062,0.003245,0.968522,-0.225195,0.106079,3.200105,0
1,0.999876,0.015290,0.003764,0.968522,-0.225195,0.106079,3.232756,0
1,0.999963,0.000854,0.008591,0.968522,-0.225195,0.106079,3.266313,0
1,0.999635,-0.019431,0.018796,0.968522,-0.225195,0.106079,3.299559,0
1,0.998553,-0.045377,0.028869,0.968522,-0.225195,0.106079,3.332736,0
1,0.996815,-0.071270,0.035792,0.968522,-0.225195,0.106079,3.366523,0
1,0.994007,-0.100759,0.042397,0.968522,-0.225195,0.106079,3.399888,0
1,0.989337,-0.137294,0.048614,0.968522,-0.225195,0.106079,3.432667,0
1,0.983627,-0.169840,0.060263,0.968522,-0.225195,0.106079,3.466298,0
1,0.978248,-0.194246,0.072789,0.968522,-0.225195,0.106079,3.499896,0
1,0.973551,-0.214450,0.078799,0.968522,-0.225195,0.106079,3.532386,0
1,0.970721,-0.226734,0.079319,0.968522,-0.225195,0.106079,3.565917,0
1,0.969848,-0.231260,0.076898,0.968522,-0.225195,0.106079,3.599327,0
1,0.969430,-0.232607,0.078093,0.968522,-0.225195,0.106079,3.632310,0
1,0.969484,-0.232194,0.078658,0.968522,-0.225195,0.106079,3.665936,0
1,0.970683,-0.227292,0.078186,0.968522,-0.225195,0.106079,3.699799,0
2,0.991876,-0.123720,0.029591,0.959085,-0.258049,0.116472,6.863939,0
2,0.991863,-0.124083,0.028493,0.959085,-0.258049,0.116472,6.898077,0
2,0.991820,-0.124486,0.028219,0.959085,-0.258049,0.116472,6.933532,0
2,0.991845,-0.124281,0.028258,0.959085,-0.258049,0.116472,6.964376,0
2,0.991907,-0.123774,0.028305,0.959085,-0.258049,0.116472,6.996685,0
2,0.992013,-0.122874,0.028509,0.959085,-0.258049,0.116472,7.029960,0
2,0.992012,-0.122769,0.028985,0.959085,-0.258049,0.116472,7.063056,0
2,0.992060,-0.122398,0.028924,0.959085,-0.258049,0.116472,7.096189,0
2,0.992153,-0.121726,0.028568,0.959085,-0.258049,0.116472,7.129640,0
2,0.992135,-0.121846,0.028662,0.959085,-0.258049,0.116472,7.162885,0
2,0.991790,-0.124346,0.029835,0.959085,-0.258049,0.116472,7.196266,0
2,0.990266,-0.134787,0.034734,0.959085,-0.258049,0.116472,7.229150,0
2,0.987929,-0.148199,0.045103,0.959085,-0.258049,0.116472,7.262682,0
2,0.985724,-0.160047,0.052279,0.959085,-0.258049,0.116472,7.295943,0
2,0.982503,-0.177123,0.057586,0.959085,-0.258049,0.116472,7.329465,0
2,0.978600,-0.193925,0.068818,0.959085,-0.258049,0.116472,7.362523,0
2,0.975128,-0.205423,0.083225,0.959085,-0.258049,0.116472,7.395415,0
2,0.971801,-0.217161,0.091893,0.959085,-0.258049,0.116472,7.429477,0
2,0.969554,-0.224979,0.096697,0.959085,-0.258049,0.116472,7.462188,0
2,0.968733,-0.227712,0.098508,0.959085,-0.258049,0.116472,7.495522,0
2,0.968335,-0.230399,0.096141,0.959085,-0.258049,0.116472,7.528933,0
2,0.968764,-0.231089,0.089968,0.959085,-0.258049,0.116472,7.561984,0
2,0.966974,-0.239770,0.086436,0.959085,-0.258049,0.116472,7.595300,0
2,0.964626,-0.249003,0.086563,0.959085,-0.258049,0.116472,7.628686,0
2,0.963403,-0.254424,0.084396,0.959085,-0.258049,0.116472,7.662146,0
2,0.961512,-0.261849,0.083249,0.959085,-0.258049,0.116472,7.695861,0
2,0.960656,-0.265260,0.082327,0.959085,-0.258049,0.116472,7.729010,0
2,0.959874,-0.268252,0.081746,0.959085,-0.258049,0.116472,7.762506,0
2,0.958618,-0.272846,0.081276,0.959085,-0.258049,0.116472,7.795655,0
2,0.955834,-0.282023,0.082726,0.959085,-0.258049,0.116472,7.828887,0
2,0.952404,-0.292193,0.086891,0.959085,-0.258049,0.116472,7.862400,0
2,0.952023,-0.293067,0.088116,0.959085,-0.258049,0.116472,7.895347,0
2,0.952923,-0.289774,0.089272,0.959085,-0.258049,0.116472,7.928734,0
2,0.954144,-0.285701,0.089353,0.959085,-0.258049,0.116472,7.962440,0
2,0.955545,-0.281336,0.088228,0.959085,-0.258049,0.116472,7.995704,0
2,0.956726,-0.276348,0.091143,0.959085,-0.258049,0.116472,8.029419,0
2,0.956932,-0.275028,0.092955,0.959085,-0.258049,0.116472,8.063028,0
2,0.957068,-0.272991,0.097448,0.959085,-0.258049,0.116472,8.096066,0
3,0.988800,-0.147157,0.024885,0.982372,0.139585,0.124344,11.329394,0
3,0.988819,-0.146933,0.025450,0.982372,0.139585,0.124344,11.363904,0
3,0.988869,-0.146436,0.026352,0.982372,0.139585,0.124344,11.395219,0
3,0.988832,-0.146858,0.025381,0.982372,0.139585,0.124344,11.429042,0
3,0.988695,-0.147813,0.025169,0.982372,0.139585,0.124344,11.461467,0
3,0.988585,-0.148399,0.026017,0.982372,0.139585,0.124344,11.495288,0
3,0.988518,-0.148763,0.026479,0.982372,0.139585,0.124344,11.528239,0
3,0.988410,-0.149279,0.027604,0.982372,0.139585,0.124344,11.561403,0
3,0.988355,-0.149282,0.029492,0.982372,0.139585,0.124344,11.594624,0
3,0.988900,-0.145091,0.032013,0.982372,0.139585,0.124344,11.628061,0
3,0.990581,-0.132028,0.036301,0.982372,0.139585,0.124344,11.661413,0
3,0.992897,-0.110706,0.043583,0.982372,0.139585,0.124344,11.694775,0
3,0.994881,-0.085413,0.053998,0.982372,0.139585,0.124344,11.728832,0
3,0.995840,-0.059425,0.069078,0.982372,0.139585,0.124344,11.762141,0
3,0.995448,-0.030311,0.090354,0.982372,0.139585,0.124344,11.795135,0
3,0.994529,-0.002014,0.104439,0.982372,0.139585,0.124344,11.828250,0
3,0.993150,0.024692,0.114210,0.982372,0.139585,0.124344,11.861929,0
3,0.990855,0.056024,0.122751,0.982372,0.139585,0.124344,11.894684,0
3,0.989051,0.076302,0.126314,0.982372,0.139585,0.124344,11.928123,0
3,0.987055,0.098585,0.126504,0.982372,0.139585,0.124344,11.962016,0
3,0.984772,0.122353,0.123509,0.982372,0.139585,0.124344,11.997885,0
3,0.983593,0.132174,0.122776,0.982372,0.139585,0.124344,12.027051,0
3,0.982937,0.138845,0.120649,0.982372,0.139585,0.124344,12.060393,0
3,0.982822,0.143857,0.115614,0.982372,0.139585,0.124344,12.093467,0
3,0.983823,0.139452,0.112453,0.982372,0.139585,0.124344,12.126673,0
3,0.984660,0.131934,0.114181,0.982372,0.139585,0.124344,12.160093,0
3,0.985044,0.129103,0.114106,0.982372,0.139585,0.124344,12.193249,0
3,0.986099,0.124328,0.110229,0.982372,0.139585,0.124344,12.226957,0
3,0.986701,0.118877,0.110856,0.982372,0.139585,0.124344,12.261617,0
3,0.986642,0.116180,0.114190,0.982372,0.139585,0.124344,12.293655,0
3,0.986551,0.116836,0.114308,0.982372,0.139585,0.124344,12.326631,0
3,0.986445,0.117210,0.114839,0.982372,0.139585,0.124344,12.360855,0
3,0.986458,0.115820,0.116130,0.982372,0.139585,0.124344,12.393395,0
3,0.986335,0.116717,0.116276,0.982372,0.139585,0.124344,12.426915,0
3,0.986687,0.116536,0.113434,0.982372,0.139585,0.124344,12.460208,0
3,0.986945,0.116252,0.111468,0.982372,0.139585,0.124344,12.493631,0
3,0.987050,0.116015,0.110782,0.982372,0.139585,0.124344,12.526675,0
3,0.987199,0.115910,0.109560,0.982372,0.139585,0.124344,12.559587,0
3,0.987359,0.116595,0.107366,0.982372,0.139585,0.124344,12.592626,0
3,0.987682,0.115147,0.105953,0.982372,0.139585,0.124344,12.626205,0
3,0.987986,0.113162,0.105252,0.982372,0.139585,0.124344,12.659484,0
3,0.988200,0.111311,0.105215,0.982372,0.139585,0.124344,12.694008,0
4,0.995305,0.075298,0.060807,0.879737,0.458205,0.126929,16.159967,0
4,0.995324,0.075349,0.060443,0.879737,0.458205,0.126929,16.194361,0
4,0.995313,0.075598,0.060302,0.879737,0.458205,0.126929,16.226736,0
4,0.995266,0.075782,0.060849,0.879737,0.458205,0.126929,16.260052,0
4,0.995274,0.075910,0.060563,0.879737,0.458205,0.126929,16.292923,0
4,0.995294,0.075574,0.060657,0.879737,0.458205,0.126929,16.326309,0
4,0.995374,0.075003,0.060040,0.879737,0.458205,0.126929,16.361124,0
4,0.995439,0.074456,0.059641,0.879737,0.458205,0.126929,16.393665,0
4,0.995488,0.073737,0.059728,0.879737,0.458205,0.126929,16.426495,0
4,0.995415,0.074596,0.059863,0.879737,0.458205,0.126929,16.459719,0
4,0.995073,0.078809,0.060163,0.879737,0.458205,0.126929,16.493181,0
4,0.993694,0.091610,0.064650,0.879737,0.458205,0.126929,16.526451,0
4,0.989588,0.123238,0.074349,0.879737,0.458205,0.126929,16.559578,0
4,0.983123,0.164149,0.080770,0.879737,0.458205,0.126929,16.592686,0
4,0.974133,0.207883,0.088593,0.879737,0.458205,0.126929,16.626392,0
4,0.960199,0.260931,0.099661,0.879737,0.458205,0.126929,16.659409,0
4,0.941136,0.319236,0.111135,0.879737,0.458205,0.126929,16.693827,0
4,0.919468,0.374142,0.120818,0.879737,0.458205,0.126929,16.725698,0
4,0.899765,0.417070,0.128359,0.879737,0.458205,0.126929,16.759941,0
4,0.885266,0.444872,0.135622,0.879737,0.458205,0.126929,16.793602,0
4,0.874433,0.465363,0.137133,0.879737,0.458205,0.126929,16.826838,0
4,0.867740,0.478247,0.135302,0.879737,0.458205,0.126929,16.859152,0
4,0.861605,0.490203,0.131672,0.879737,0.458205,0.126929,16.893112,0
4,0.857088,0.499963,0.124245,0.879737,0.458205,0.126929,16.925472,0
4,0.857703,0.500074,0.119460,0.879737,0.458205,0.126929,16.959633,0
4,0.859581,0.497389,0.117150,0.879737,0.458205,0.126929,16.992767,0
4,0.862249,0.493822,0.112548,0.879737,0.458205,0.126929,17.026615,0
4,0.867216,0.486039,0.108176,0.879737,0.458205,0.126929,17.059742,0
4,0.872039,0.477713,0.106480,0.879737,0.458205,0.126929,17.093485,0
4,0.875086,0.471944,0.107201,0.879737,0.458205,0.126929,17.126331,0
4,0.876699,0.468872,0.107509,0.879737,0.458205,0.126929,17.159781,0
4,0.877809,0.466221,0.109952,0.879737,0.458205,0.126929,17.192867,0
4,0.878201,0.464915,0.112326,0.879737,0.458205,0.126929,17.226257,0
4,0.878072,0.464982,0.113055,0.879737,0.458205,0.126929,17.260393,0
4,0.879080,0.462823,0.114079,0.879737,0.458205,0.126929,17.294699,0
4,0.880407,0.459582,0.116906,0.879737,0.458205,0.126929,17.325817,0
4,0.882053,0.455779,0.119367,0.879737,0.458205,0.126929,17.359684,0
4,0.882248,0.455207,0.120108,0.879737,0.458205,0.126929,17.392231,0
4,0.884931,0.450099,0.119614,0.879737,0.458205,0.126929,17.424547,0
4,0.890216,0.438516,0.123368,0.879737,0.458205,0.126929,17.457268,0
4,0.894063,0.430655,0.123235,0.879737,0.458205,0.126929,17.490717,0
4,0.898748,0.422609,0.116853,0.879737,0.458205,0.126929,17.524250,0
4,0.901450,0.416707,0.117232,0.879737,0.458205,0.126929,17.557264,0
4,0.901399,0.416005,0.120084,0.879737,0.458205,0.126929,17.590578,0
4,0.901866,0.415146,0.119545,0.879737,0.458205,0.126929,17.623671,0
4,0.901319,0.416751,0.118076,0.879737,0.458205,0.126929,17.656771,0
4,0.901101,0.417279,0.117877,0.879737,0.458205,0.126929,17.690777,0
4,0.901343,0.416719,0.118009,0.879737,0.458205,0.126929,17.723526,0
4,0.901112,0.417097,0.118441,0.879737,0.458205,0.126929,17.756948,0
4,0.900740,0.418336,0.116889,0.879737,0.458205,0.126929,17.790333,0
5,0.978778,0.197313,0.055325,0.880373,0.459529,0.117375,21.223761,0
5,0.978888,0.196765,0.055340,0.880373,0.459529,0.117375,21.257704,0
5,0.979121,0.195594,0.055366,0.880373,0.459529,0.117375,21.290989,0
5,0.979194,0.195167,0.055581,0.880373,0.459529,0.117375,21.324083,0
5,0.979322,0.194439,0.055873,0.880373,0.459529,0.117375,21.358294,0
5,0.979561,0.193357,0.055442,0.880373,0.459529,0.117375,21.391775,0
5,0.979710,0.192613,0.055404,0.880373,0.459529,0.117375,21.423773,0
5,0.980044,0.190694,0.056129,0.880373,0.459529,0.117375,21.457026,0
5,0.979997,0.190552,0.057416,0.880373,0.459529,0.117375,21.490665,0
5,0.977843,0.199748,0.062636,0.880373,0.459529,0.117375,21.523876,0
5,0.970721,0.229576,0.070681,0.880373,0.459529,0.117375,21.557632,0
5,0.961290,0.264332,0.077780,0.880373,0.459529,0.117375,21.591503,0
5,0.951911,0.294359,0.084964,0.880373,0.459529,0.117375,21.623608,0
5,0.940760,0.326514,0.091433,0.880373,0.459529,0.117375,21.656664,0
5,0.928416,0.358188,0.098714,0.880373,0.459529,0.117375,21.690557,0
5,0.915792,0.387874,0.104302,0.880373,0.459529,0.117375,21.723763,0
5,0.904518,0.412061,0.109791,0.880373,0.459529,0.117375,21.756914,0
5,0.895712,0.429709,0.114236,0.880373,0.459529,0.117375,21.790762,0
5,0.891474,0.438217,0.115067,0.880373,0.459529,0.117375,21.823566,0
5,0.890890,0.439562,0.114457,0.880373,0.459529,0.117375,21.857929,0
5,0.892553,0.437085,0.110930,0.880373,0.459529,0.117375,21.890917,0
5,0.895131,0.432643,0.107521,0.880373,0.459529,0.117375,21.924095,0
5,0.898024,0.427032,0.105815,0.880373,0.459529,0.117375,21.957270,0
5,0.901261,0.420813,0.103173,0.880373,0.459529,0.117375,21.990673,0
5,0.902292,0.419159,0.100873,0.880373,0.459529,0.117375,22.024384,0
5,0.901791,0.420577,0.099434,0.880373,0.459529,0.117375,22.056599,0
5,0.901657,0.420836,0.099555,0.880373,0.459529,0.117375,22.090090,0
5,0.900809,0.422742,0.099156,0.880373,0.459529,0.117375,22.124561,0
5,0.898844,0.427267,0.097588,0.880373,0.459529,0.117375,22.157394,0
5,0.896546,0.431991,0.097926,0.880373,0.459529,0.117375,22.190464,0
5,0.894735,0.435826,0.097497,0.880373,0.459529,0.117375,22.223742,0
5,0.893831,0.437727,0.097270,0.880373,0.459529,0.117375,22.257051,0
5,0.891887,0.441403,0.098497,0.880373,0.459529,0.117375,22.290953,0
6,0.960421,0.271622,0.061757,0.965089,-0.235343,0.114969,25.855085,0
6,0.960610,0.271412,0.059694,0.965089,-0.235343,0.114969,25.889097,0
6,0.961017,0.270061,0.059273,0.965089,-0.235343,0.114969,25.922382,0
6,0.961415,0.268706,0.058981,0.965089,-0.235343,0.114969,25.956097,0
6,0.961830,0.267462,0.057861,0.965089,-0.235343,0.114969,25.988571,0
6,0.962222,0.266021,0.057982,0.965089,-0.235343,0.114969,26.022154,0
6,0.962314,0.265631,0.058242,0.965089,-0.235343,0.114969,26.054993,0
6,0.962258,0.265844,0.058193,0.965089,-0.235343,0.114969,26.088661,0
6,0.963817,0.259910,0.059189,0.965089,-0.235343,0.114969,26.121872,0
6,0.969345,0.238199,0.060264,0.965089,-0.235343,0.114969,26.155310,0
6,0.975292,0.212945,0.058821,0.965089,-0.235343,0.114969,26.188946,0
6,0.980992,0.185636,0.056513,0.965089,-0.235343,0.114969,26.221931,0
6,0.987868,0.145097,0.055344,0.965089,-0.235343,0.114969,26.255257,0
6,0.993562,0.097870,0.057056,0.965089,-0.235343,0.114969,26.288908,0
6,0.996863,0.052855,0.058918,0.965089,-0.235343,0.114969,26.321976,0
6,0.998242,0.003357,0.059170,0.965089,-0.235343,0.114969,26.355936,0
6,0.996570,-0.054319,0.062433,0.965089,-0.235343,0.114969,26.388420,0
6,0.992198,-0.104586,0.067852,0.965089,-0.235343,0.114969,26.422163,0
6,0.986634,-0.146511,0.071336,0.965089,-0.235343,0.114969,26.455442,0
6,0.981531,-0.175508,0.076117,0.965089,-0.235343,0.114969,26.488768,0
6,0.976206,-0.198712,0.086811,0.965089,-0.235343,0.114969,26.521978,0
6,0.969455,-0.226416,0.094303,0.965089,-0.235343,0.114969,26.555351,0
6,0.965855,-0.239325,0.099233,0.965089,-0.235343,0.114969,26.588821,0
6,0.960769,-0.257160,0.103884,0.965089,-0.235343,0.114969,26.621984,0
6,0.956417,-0.271669,0.107065,0.965089,-0.235343,0.114969,26.655205,0
6,0.953943,-0.279757,0.108296,0.965089,-0.235343,0.114969,26.688845,0
6,0.953429,-0.282088,0.106770,0.965089,-0.235343,0.114969,26.721869,0
6,0.955727,-0.274783,0.105261,0.965089,-0.235343,0.114969,26.755352,0
6,0.957868,-0.267067,0.105656,0.965089,-0.235343,0.114969,26.788443,0
6,0.959745,-0.261473,0.102574,0.965089,-0.235343,0.114969,26.821598,0
6,0.961747,-0.255416,0.099024,0.965089,-0.235343,0.114969,26.854979,0
6,0.962848,-0.251618,0.098040,0.965089,-0.235343,0.114969,26.888165,0
6,0.964216,-0.247079,0.096124,0.965089,-0.235343,0.114969,26.922953,0
6,0.965605,-0.241354,0.096723,0.965089,-0.235343,0.114969,26.954721,0
6,0.965529,-0.240933,0.098516,0.965089,-0.235343,0.114969,26.988132,0
6,0.965813,-0.240181,0.097557,0.965089,-0.235343,0.114969,27.022589,0
7,0.980164,-0.186320,0.067559,0.903132,0.415547,0.108041,30.519554,0
7,0.980310,-0.185350,0.068093,0.903132,0.415547,0.108041,30.553486,0
7,0.980491,-0.184688,0.067292,0.903132,0.415547,0.108041,30.585659,0
7,0.980576,-0.184692,0.066020,0.903132,0.415547,0.108041,30.619600,0
7,0.980509,-0.185158,0.065720,0.903132,0.415547,0.108041,30.652811,0
7,0.980395,-0.185720,0.065832,0.903132,0.415547,0.108041,30.685617,0
7,0.980451,-0.185480,0.065673,0.903132,0.415547,0.108041,30.719446,0
7,0.980564,-0.184836,0.065802,0.903132,0.415547,0.108041,30.752085,0
7,0.981092,-0.181858,0.066236,0.903132,0.415547,0.108041,30.785490,0
7,0.984713,-0.160864,0.066809,0.903132,0.415547,0.108041,30.819540,0
7,0.990803,-0.118560,0.065208,0.903132,0.415547,0.108041,30.852276,0
7,0.994984,-0.076347,0.064639,0.903132,0.415547,0.108041,30.885349,0
7,0.996894,-0.040461,0.067569,0.903132,0.415547,0.108041,30.919188,0
7,0.997448,0.008354,0.070908,0.903132,0.415547,0.108041,30.952555,0
7,0.995081,0.065550,0.074283,0.903132,0.415547,0.108041,30.985552,0
7,0.988899,0.124943,0.080429,0.903132,0.415547,0.108041,31.019482,0
7,0.979697,0.181425,0.085312,0.903132,0.415547,0.108041,31.052025,0
7,0.968213,0.233354,0.090054,0.903132,0.415547,0.108041,31.085497,0
7,0.956780,0.275063,0.094408,0.903132,0.415547,0.108041,31.119165,0
7,0.945814,0.308391,0.101637,0.903132,0.415547,0.108041,31.152161,0
7,0.934409,0.339588,0.107517,0.903132,0.415547,0.108041,31.185263,0
7,0.926041,0.360645,0.111281,0.903132,0.415547,0.108041,31.219259,0
7,0.920639,0.372842,0.115812,0.903132,0.415547,0.108041,31.252689,0
7,0.915934,0.383581,0.118027,0.903132,0.415547,0.108041,31.286137,0
7,0.913750,0.389188,0.116589,0.903132,0.415547,0.108041,31.319000,0
7,0.913964,0.389708,0.113124,0.903132,0.415547,0.108041,31.353029,0
7,0.914399,0.390037,0.108379,0.903132,0.415547,0.108041,31.385330,0
7,0.916346,0.386738,0.103648,0.903132,0.415547,0.108041,31.419380,0
7,0.918134,0.382964,0.101821,0.903132,0.415547,0.108041,31.452267,0
7,0.918946,0.381150,0.101307,0.903132,0.415547,0.108041,31.485350,0
7,0.919036,0.381840,0.097828,0.903132,0.415547,0.108041,31.520733,0
7,0.920506,0.379259,0.093974,0.903132,0.415547,0.108041,31.551750,0
7,0.919886,0.381056,0.092765,0.903132,0.415547,0.108041,31.585218,0
7,0.916442,0.389292,0.092655,0.903132,0.415547,0.108041,31.618656,0
7,0.911686,0.400754,0.090691,0.903132,0.415547,0.108041,31.652403,0
7,0.909775,0.405026,0.090897,0.903132,0.415547,0.108041,31.685255,0
7,0.909710,0.405019,0.091585,0.903132,0.415547,0.108041,31.718714,0
8,0.941573,0.327418,0.078981,0.932481,-0.325071,0.157509,34.850647,0
8,0.941409,0.327874,0.079045,0.932481,-0.325071,0.157509,34.885109,0
8,0.941390,0.328017,0.078676,0.932481,-0.325071,0.157509,34.917706,0
8,0.941745,0.327215,0.077763,0.932481,-0.325071,0.157509,34.951061,0
8,0.941899,0.326802,0.077629,0.932481,-0.325071,0.157509,34.983887,0
8,0.942114,0.326245,0.077364,0.932481,-0.325071,0.157509,35.018513,0
8,0.942348,0.325711,0.076767,0.932481,-0.325071,0.157509,35.050873,0
8,0.942922,0.324142,0.076350,0.932481,-0.325071,0.157509,35.084728,0
8,0.947284,0.311006,0.076994,0.932481,-0.325071,0.157509,35.118523,0
8,0.958349,0.274804,0.077780,0.932481,-0.325071,0.157509,35.151329,0
8,0.967998,0.239376,0.075356,0.932481,-0.325071,0.157509,35.183945,0
8,0.976260,0.204485,0.071431,0.932481,-0.325071,0.157509,35.217804,0
8,0.985332,0.155612,0.070046,0.932481,-0.325071,0.157509,35.250488,0
8,0.992104,0.101569,0.073580,0.932481,-0.325071,0.157509,35.283672,0
8,0.996227,0.043883,0.074875,0.932481,-0.325071,0.157509,35.316994,0
8,0.996980,-0.016399,0.075904,0.932481,-0.325071,0.157509,35.350700,0
8,0.993666,-0.077477,0.081397,0.932481,-0.325071,0.157509,35.383579,0
8,0.987200,-0.132389,0.088936,0.932481,-0.325071,0.157509,35.417885,0
8,0.978057,-0.183362,0.098914,0.932481,-0.325071,0.157509,35.450386,0
8,0.967281,-0.230174,0.106711,0.932481,-0.325071,0.157509,35.483887,0
8,0.959362,-0.258137,0.113970,0.932481,-0.325071,0.157509,35.516800,0
8,0.954071,-0.274554,0.119865,0.932481,-0.325071,0.157509,35.550392,0
8,0.951523,-0.280034,0.127223,0.932481,-0.325071,0.157509,35.585049,0
8,0.949224,-0.284421,0.134455,0.932481,-0.325071,0.157509,35.616955,0
8,0.945809,-0.293907,0.138072,0.932481,-0.325071,0.157509,35.650063,0
8,0.941269,-0.306297,0.142108,0.932481,-0.325071,0.157509,35.683895,0
8,0.933789,-0.327945,0.143142,0.932481,-0.325071,0.157509,35.716797,0
8,0.929742,-0.339422,0.142734,0.932481,-0.325071,0.157509,35.750343,0
8,0.926606,-0.344986,0.149617,0.932481,-0.325071,0.157509,35.783245,0
8,0.925977,-0.344785,0.153914,0.932481,-0.325071,0.157509,35.816521,0
8,0.929169,-0.336829,0.152286,0.932481,-0.325071,0.157509,35.849766,0
8,0.929983,-0.334771,0.151855,0.932481,-0.325071,0.157509,35.882893,0
8,0.930846,-0.333646,0.149020,0.932481,-0.325071,0.157509,35.916138,0
8,0.933928,-0.326857,0.144718,0.932481,-0.325071,0.157509,35.950047,0
9,0.957401,-0.269028,0.104913,0.990899,0.055539,0.122613,39.249004,0
9,0.957273,-0.269376,0.105192,0.990899,0.055539,0.122613,39.283337,0
9,0.957210,-0.269511,0.105418,0.990899,0.055539,0.122613,39.314720,0
9,0.956905,-0.270231,0.106342,0.990899,0.055539,0.122613,39.348927,0
9,0.956955,-0.269950,0.106606,0.990899,0.055539,0.122613,39.381382,0
9,0.956854,-0.270131,0.107050,0.990899,0.055539,0.122613,39.414589,0
9,0.956504,-0.270907,0.108212,0.990899,0.055539,0.122613,39.447861,0
9,0.956698,-0.270388,0.107790,0.990899,0.055539,0.122613,39.481308,0
9,0.957398,-0.267509,0.108760,0.990899,0.055539,0.122613,39.514622,0
9,0.961137,-0.253980,0.108216,0.990899,0.055539,0.122613,39.547745,0
9,0.966457,-0.234118,0.105591,0.990899,0.055539,0.122613,39.581261,0
9,0.972817,-0.207824,0.102155,0.990899,0.055539,0.122613,39.614944,0
9,0.979375,-0.175552,0.100031,0.990899,0.055539,0.122613,39.648289,0
9,0.984893,-0.140582,0.101103,0.990899,0.055539,0.122613,39.681618,0
9,0.987994,-0.113638,0.104663,0.990899,0.055539,0.122613,39.714851,0
9,0.990239,-0.089092,0.107186,0.990899,0.055539,0.122613,39.748928,0
9,0.991835,-0.066163,0.109023,0.990899,0.055539,0.122613,39.781406,0
9,0.992902,-0.046051,0.109656,0.990899,0.055539,0.122613,39.815414,0
9,0.993628,-0.027018,0.109420,0.990899,0.055539,0.122613,39.848415,0
9,0.993901,-0.010304,0.109793,0.990899,0.055539,0.122613,39.881351,0
9,0.993922,0.010076,0.109629,0.990899,0.055539,0.122613,39.914772,0
9,0.993747,0.020722,0.109712,0.990899,0.055539,0.122613,39.948147,0
9,0.993526,0.031209,0.109237,0.990899,0.055539,0.122613,39.981129,0
9,0.993274,0.042796,0.107588,0.990899,0.055539,0.122613,40.015049,0
9,0.993323,0.044416,0.106476,0.990899,0.055539,0.122613,40.047771,0
9,0.993470,0.044631,0.104997,0.990899,0.055539,0.122613,40.081032,0
9,0.993642,0.042860,0.104109,0.990899,0.055539,0.122613,40.113987,0
9,0.993783,0.042310,0.102980,0.990899,0.055539,0.122613,40.148739,0
9,0.993893,0.039226,0.103141,0.990899,0.055539,0.122613,40.181355,0
9,0.993937,0.035022,0.104224,0.990899,0.055539,0.122613,40.214714,0
10,0.995934,0.027497,0.085791,0.903190,0.414073,0.113099,43.613838,0
10,0.995887,0.027733,0.086253,0.903190,0.414073,0.113099,43.648083,0
10,0.995844,0.027917,0.086692,0.903190,0.414073,0.113099,43.680885,0
10,0.995842,0.028227,0.086611,0.903190,0.414073,0.113099,43.714355,0
10,0.995842,0.028294,0.086595,0.903190,0.414073,0.113099,43.746429,0
10,0.995925,0.027286,0.085964,0.903190,0.414073,0.113099,43.781036,0
10,0.996062,0.026217,0.084697,0.903190,0.414073,0.113099,43.814060,0
10,0.996123,0.025989,0.084047,0.903190,0.414073,0.113099,43.846027,0
10,0.996191,0.025431,0.083410,0.903190,0.414073,0.113099,43.879757,0
10,0.996096,0.027620,0.083850,0.903190,0.414073,0.113099,43.912708,0
10,0.995501,0.044070,0.083874,0.903190,0.414073,0.113099,43.945709,0
10,0.993812,0.071219,0.085242,0.903190,0.414073,0.113099,43.979290,0
10,0.990234,0.107470,0.088802,0.903190,0.414073,0.113099,44.012516,0
10,0.984041,0.151734,0.092948,0.903190,0.414073,0.113099,44.045937,0
10,0.974513,0.202399,0.096742,0.903190,0.414073,0.113099,44.079147,0
10,0.962220,0.253381,0.099652,0.903190,0.414073,0.113099,44.112652,0
10,0.947257,0.303288,0.103536,0.903190,0.414073,0.113099,44.145775,0
10,0.931795,0.347008,0.106510,0.903190,0.414073,0.113099,44.179073,0
10,0.919926,0.376768,0.108546,0.903190,0.414073,0.113099,44.213203,0
10,0.912616,0.393718,0.110084,0.903190,0.414073,0.113099,44.245605,0
10,0.906287,0.407805,0.111084,0.903190,0.414073,0.113099,44.279343,0
10,0.901698,0.418278,0.109468,0.903190,0.414073,0.113099,44.312233,0
10,0.897884,0.426885,0.107581,0.903190,0.414073,0.113099,44.346046,0
10,0.896380,0.430721,0.104796,0.903190,0.414073,0.113099,44.379578,0
10,0.895929,0.432495,0.101291,0.903190,0.414073,0.113099,44.412693,0
10,0.895134,0.435354,0.095929,0.903190,0.414073,0.113099,44.445774,0
10,0.897390,0.431060,0.094220,0.903190,0.414073,0.113099,44.479347,0
10,0.900991,0.423780,0.092871,0.903190,0.414073,0.113099,44.512650,0
10,0.904508,0.416808,0.090199,0.903190,0.414073,0.113099,44.545910,0
10,0.907234,0.411176,0.088661,0.903190,0.414073,0.113099,44.579185,0
10,0.908983,0.407263,0.088806,0.903190,0.414073,0.113099,44.612518,0
