1,0.999361,0.014725,0.032555,0.931581,0.344920,0.114836,2.899326,0
1,0.999372,0.014763,0.032202,0.931581,0.344920,0.114836,2.933531,0
1,0.999386,0.014527,0.031891,0.931581,0.344920,0.114836,2.966592,0
1,0.999398,0.014126,0.031703,0.931581,0.344920,0.114836,2.999430,0
1,0.999393,0.013552,0.032081,0.931581,0.344920,0.114836,3.032791,0
1,0.999379,0.013483,0.032567,0.931581,0.344920,0.114836,3.066265,0
1,0.999359,0.013368,0.033201,0.931581,0.344920,0.114836,3.099349,0
1,0.999337,0.013061,0.033992,0.931581,0.344920,0.114836,3.133210,0
1,0.999302,0.013114,0.034974,0.931581,0.344920,0.114836,3.166430,0
1,0.999191,0.014580,0.037474,0.931581,0.344920,0.114836,3.199744,0
1,0.998421,0.031842,0.046273,0.931581,0.344920,0.114836,3.232706,0
1,0.995240,0.080260,0.055271,0.931581,0.344920,0.114836,3.266575,0
1,0.989747,0.130199,0.058724,0.931581,0.344920,0.114836,3.300047,0
1,0.982818,0.172972,0.064424,0.931581,0.344920,0.114836,3.333136,0
1,0.974623,0.212608,0.070060,0.931581,0.344920,0.114836,3.367010,0
1,0.965749,0.247246,0.078723,0.931581,0.344920,0.114836,3.399523,0
1,0.957222,0.276265,0.086047,0.931581,0.344920,0.114836,3.433337,0
1,0.949893,0.299673,0.088882,0.931581,0.344920,0.114836,3.466921,0
1,0.945490,0.312984,0.089939,0.931581,0.344920,0.114836,3.499774,0
1,0.944227,0.316841,0.089703,0.931581,0.344920,0.114836,3.533371,0
1,0.944261,0.317466,0.087098,0.931581,0.344920,0.114836,3.566622,0
1,0.945262,0.315233,0.084305,0.931581,0.344920,0.114836,3.599832,0
1,0.947560,0.308113,0.084826,0.931581,0.344920,0.114836,3.633169,0
1,0.949157,0.302965,0.085522,0.931581,0.344920,0.114836,3.666454,0
1,0.949735,0.301765,0.083314,0.931581,0.344920,0.114836,3.700009,0
1,0.950623,0.299405,0.081687,0.931581,0.344920,0.114836,3.733126,0
1,0.951237,0.297087,0.082985,0.931581,0.344920,0.114836,3.766944,0
1,0.950391,0.299328,0.084614,0.931581,0.344920,0.114836,3.799696,0
1,0.949056,0.302933,0.086741,0.931581,0.344920,0.114836,3.833113,0
1,0.946905,0.308873,0.089268,0.931581,0.344920,0.114836,3.866298,0
1,0.945479,0.312957,0.090153,0.931581,0.344920,0.114836,3.899631,0
1,0.943472,0.318596,0.091415,0.931581,0.344920,0.114836,3.932633,0
1,0.941854,0.323441,0.091086,0.931581,0.344920,0.114836,3.965978,0
2,0.998036,0.049634,0.038215,0.977288,0.180603,0.110860,7.265201,0
2,0.998036,0.049515,0.038367,0.977288,0.180603,0.110860,7.299868,0
2,0.998051,0.049258,0.038306,0.977288,0.180603,0.110860,7.331870,0
2,0.998046,0.049632,0.037970,0.977288,0.180603,0.110860,7.364554,0
2,0.998041,0.050224,0.037317,0.977288,0.180603,0.110860,7.398054,0
2,0.998022,0.051248,0.036412,0.977288,0.180603,0.110860,7.429928,0
2,0.998019,0.052441,0.034744,0.977288,0.180603,0.110860,7.463069,0
2,0.998050,0.052514,0.033746,0.977288,0.180603,0.110860,7.496587,0
2,0.998047,0.052365,0.034065,0.977288,0.180603,0.110860,7.529817,0
2,0.997982,0.052707,0.035405,0.977288,0.180603,0.110860,7.562954,0
2,0.997697,0.054506,0.040363,0.977288,0.180603,0.110860,7.596372,0
2,0.996579,0.065522,0.050378,0.977288,0.180603,0.110860,7.629459,0
2,0.994446,0.086966,0.059282,0.977288,0.180603,0.110860,7.662491,0
2,0.991289,0.113331,0.067101,0.977288,0.180603,0.110860,7.696564,0
2,0.987063,0.142617,0.073263,0.977288,0.180603,0.110860,7.729175,0
2,0.980977,0.176897,0.079943,0.977288,0.180603,0.110860,7.762337,0
2,0.974901,0.204799,0.087318,0.977288,0.180603,0.110860,7.795867,0
2,0.971367,0.220168,0.089292,0.977288,0.180603,0.110860,7.829113,0
2,0.969858,0.227018,0.088538,0.977288,0.180603,0.110860,7.862270,0
2,0.969862,0.227416,0.087463,0.977288,0.180603,0.110860,7.895781,0
2,0.970948,0.223571,0.085296,0.977288,0.180603,0.110860,7.929138,0
2,0.973150,0.214398,0.083746,0.977288,0.180603,0.110860,7.962162,0
2,0.975003,0.205630,0.084169,0.977288,0.180603,0.110860,7.995578,0
2,0.976265,0.198985,0.085511,0.977288,0.180603,0.110860,8.029404,0
2,0.977628,0.192194,0.085469,0.977288,0.180603,0.110860,8.062170,0
2,0.978978,0.185184,0.085490,0.977288,0.180603,0.110860,8.097135,0
3,0.999620,-0.003642,0.027308,0.957462,0.260403,0.124321,11.296366,0
3,0.999602,-0.002188,0.028110,0.957462,0.260403,0.124321,11.330543,0
3,0.999621,-0.001125,0.027505,0.957462,0.260403,0.124321,11.362578,0
3,0.999658,-0.000283,0.026137,0.957462,0.260403,0.124321,11.395222,0
3,0.999679,0.000108,0.025344,0.957462,0.260403,0.124321,11.428399,0
3,0.999686,0.000276,0.025069,0.957462,0.260403,0.124321,11.461673,0
3,0.999689,0.000636,0.024946,0.957462,0.260403,0.124321,11.495135,0
3,0.999692,0.001928,0.024732,0.957462,0.260403,0.124321,11.528267,0
3,0.999659,0.002844,0.025961,0.957462,0.260403,0.124321,11.561680,0
3,0.999609,0.005064,0.027515,0.957462,0.260403,0.124321,11.595553,0
3,0.999347,0.012651,0.033853,0.957462,0.260403,0.124321,11.628382,0
3,0.998414,0.034155,0.044763,0.957462,0.260403,0.124321,11.661584,0
3,0.996703,0.063507,0.050500,0.957462,0.260403,0.124321,11.694679,0
3,0.993800,0.093914,0.059508,0.957462,0.260403,0.124321,11.728004,0
3,0.988899,0.129964,0.072026,0.957462,0.260403,0.124321,11.760934,0
3,0.982683,0.165408,0.083508,0.957462,0.260403,0.124321,11.795001,0
3,0.977001,0.191576,0.093636,0.957462,0.260403,0.124321,11.830103,0
3,0.972124,0.211719,0.100750,0.957462,0.260403,0.124321,11.861711,0
3,0.968904,0.225084,0.102771,0.957462,0.260403,0.124321,11.894382,0
3,0.968444,0.227515,0.101752,0.957462,0.260403,0.124321,11.928028,0
3,0.968862,0.226500,0.100019,0.957462,0.260403,0.124321,11.960576,0
4,0.999079,-0.009423,0.041850,0.962670,-0.249350,0.105310,15.327162,0
4,0.999007,-0.010193,0.043374,0.962670,-0.249350,0.105310,15.360969,0
4,0.999004,-0.011399,0.043133,0.962670,-0.249350,0.105310,15.393362,0
4,0.998979,-0.013107,0.043234,0.962670,-0.249350,0.105310,15.426353,0
4,0.998929,-0.015492,0.043605,0.962670,-0.249350,0.105310,15.460911,0
4,0.998898,-0.017172,0.043668,0.962670,-0.249350,0.105310,15.493687,0
4,0.998799,-0.019546,0.044925,0.962670,-0.249350,0.105310,15.527267,0
4,0.998764,-0.021896,0.044633,0.962670,-0.249350,0.105310,15.560563,0
4,0.998690,-0.025003,0.044648,0.962670,-0.249350,0.105310,15.593760,0
4,0.998321,-0.033028,0.047581,0.962670,-0.249350,0.105310,15.626965,0
4,0.996940,-0.057544,0.052910,0.962670,-0.249350,0.105310,15.659550,0
4,0.994199,-0.091950,0.055793,0.962670,-0.249350,0.105310,15.693629,0
4,0.991328,-0.118118,0.057600,0.962670,-0.249350,0.105310,15.726274,0
4,0.988086,-0.142118,0.059060,0.962670,-0.249350,0.105310,15.759779,0
4,0.983943,-0.167171,0.062524,0.962670,-0.249350,0.105310,15.792718,0
4,0.980734,-0.183233,0.067724,0.962670,-0.249350,0.105310,15.826404,0
4,0.977711,-0.197693,0.070701,0.962670,-0.249350,0.105310,15.859447,0
4,0.975343,-0.208475,0.072415,0.962670,-0.249350,0.105310,15.892939,0
4,0.973978,-0.214342,0.073648,0.962670,-0.249350,0.105310,15.926474,0
5,0.985955,0.140445,0.090375,0.944240,0.310500,0.109550,19.358696,0
5,0.982094,0.160985,0.097849,0.944240,0.310500,0.109550,19.391935,0
5,0.980289,0.171069,0.098840,0.944240,0.310500,0.109550,19.425100,0
5,0.980701,0.170801,0.095146,0.944240,0.310500,0.109550,19.458662,0
5,0.982486,0.164460,0.087598,0.944240,0.310500,0.109550,19.491362,0
5,0.985611,0.149435,0.078999,0.944240,0.310500,0.109550,19.525526,0
5,0.988301,0.132837,0.074933,0.944240,0.310500,0.109550,19.557785,0
5,0.990295,0.118906,0.071958,0.944240,0.310500,0.109550,19.591204,0
5,0.991578,0.109587,0.069014,0.944240,0.310500,0.109550,19.625391,0
5,0.991392,0.108801,0.072832,0.944240,0.310500,0.109550,19.657997,0
5,0.989083,0.121814,0.082921,0.944240,0.310500,0.109550,19.691050,0
5,0.985101,0.147740,0.088024,0.944240,0.310500,0.109550,19.724392,0
5,0.980531,0.172857,0.093163,0.944240,0.310500,0.109550,19.757769,0
5,0.975522,0.196600,0.098519,0.944240,0.310500,0.109550,19.790876,0
5,0.969729,0.221258,0.103298,0.944240,0.310500,0.109550,19.824957,0
5,0.962900,0.247954,0.106504,0.944240,0.310500,0.109550,19.857994,0
5,0.956551,0.270878,0.107868,0.944240,0.310500,0.109550,19.891415,0
5,0.951190,0.289191,0.107732,0.944240,0.310500,0.109550,19.924664,0
5,0.947927,0.300240,0.106253,0.944240,0.310500,0.109550,19.957943,0
5,0.946959,0.303935,0.104364,0.944240,0.310500,0.109550,19.991243,0
5,0.948197,0.301657,0.099631,0.944240,0.310500,0.109550,20.024416,0
5,0.950492,0.295411,0.096426,0.944240,0.310500,0.109550,20.057629,0
6,0.998896,-0.022511,0.041241,0.990814,-0.067350,0.117265,23.156288,0
6,0.998632,-0.033650,0.040024,0.990814,-0.067350,0.117265,23.191660,0
6,0.998216,-0.043513,0.040880,0.990814,-0.067350,0.117265,23.222172,0
6,0.998085,-0.045759,0.041612,0.990814,-0.067350,0.117265,23.256212,0
6,0.998254,-0.042481,0.041034,0.990814,-0.067350,0.117265,23.288685,0
6,0.998608,-0.031309,0.042441,0.990814,-0.067350,0.117265,23.321985,0
6,0.999012,-0.011543,0.042918,0.990814,-0.067350,0.117265,23.355621,0
6,0.999067,0.005872,0.042785,0.990814,-0.067350,0.117265,23.389147,0
6,0.998783,0.022649,0.043812,0.990814,-0.067350,0.117265,23.422359,0
6,0.998284,0.035789,0.046342,0.990814,-0.067350,0.117265,23.456472,0
6,0.997814,0.040313,0.052374,0.990814,-0.067350,0.117265,23.489012,0
6,0.997501,0.035175,0.061272,0.990814,-0.067350,0.117265,23.522404,0
6,0.996968,0.020997,0.074925,0.990814,-0.067350,0.117265,23.555992,0
6,0.996396,0.006242,0.084595,0.990814,-0.067350,0.117265,23.589399,0
6,0.994857,-0.008271,0.100952,0.990814,-0.067350,0.117265,23.622629,0
6,0.993728,-0.021873,0.109666,0.990814,-0.067350,0.117265,23.655516,0
6,0.993202,-0.031003,0.112197,0.990814,-0.067350,0.117265,23.689064,0
6,0.992624,-0.040133,0.114396,0.990814,-0.067350,0.117265,23.722307,0
6,0.992696,-0.046180,0.111451,0.990814,-0.067350,0.117265,23.755297,0
6,0.993018,-0.047279,0.108070,0.990814,-0.067350,0.117265,23.789042,0
6,0.993022,-0.047881,0.107770,0.990814,-0.067350,0.117265,23.822092,0
6,0.993191,-0.047198,0.106507,0.990814,-0.067350,0.117265,23.855247,0
6,0.992979,-0.050385,0.107025,0.990814,-0.067350,0.117265,23.888903,0
6,0.992838,-0.055840,0.105611,0.990814,-0.067350,0.117265,23.922001,0
6,0.993161,-0.056869,0.101970,0.990814,-0.067350,0.117265,23.955557,0
6,0.993155,-0.059645,0.100424,0.990814,-0.067350,0.117265,23.988291,0
6,0.993081,-0.063213,0.098961,0.990814,-0.067350,0.117265,24.022116,0
6,0.993213,-0.064395,0.096852,0.990814,-0.067350,0.117265,24.055006,0
6,0.993134,-0.067618,0.095460,0.990814,-0.067350,0.117265,24.088625,0
6,0.993274,-0.066877,0.094524,0.990814,-0.067350,0.117265,24.121531,0
6,0.993220,-0.069127,0.093465,0.990814,-0.067350,0.117265,24.155352,0
6,0.993291,-0.070572,0.091616,0.990814,-0.067350,0.117265,24.189121,0
6,0.993476,-0.069583,0.090352,0.990814,-0.067350,0.117265,24.222200,0
6,0.993541,-0.070114,0.089215,0.990814,-0.067350,0.117265,24.255501,0
6,0.993834,-0.067647,0.087847,0.990814,-0.067350,0.117265,24.289240,0
7,0.998365,-0.006499,0.056794,0.905887,0.411983,0.098180,27.953699,0
7,0.998306,-0.007276,0.057726,0.905887,0.411983,0.098180,27.987604,0
7,0.998349,-0.007689,0.056916,0.905887,0.411983,0.098180,28.020363,0
7,0.998398,-0.008064,0.056004,0.905887,0.411983,0.098180,28.054102,0
7,0.998412,-0.008230,0.055723,0.905887,0.411983,0.098180,28.086866,0
7,0.998425,-0.007975,0.055535,0.905887,0.411983,0.098180,28.119959,0
7,0.998366,-0.007656,0.056634,0.905887,0.411983,0.098180,28.153770,0
7,0.998358,-0.007379,0.056806,0.905887,0.411983,0.098180,28.187025,0
7,0.998305,-0.008156,0.057630,0.905887,0.411983,0.098180,28.236597,0
7,0.998218,-0.006548,0.059316,0.905887,0.411983,0.098180,28.275906,0
7,0.997810,0.019403,0.063235,0.905887,0.411983,0.098180,28.309338,0
7,0.996028,0.059804,0.065970,0.905887,0.411983,0.098180,28.342152,0
7,0.991838,0.107005,0.069331,0.905887,0.411983,0.098180,28.376694,0
7,0.984162,0.161564,0.072957,0.905887,0.411983,0.098180,28.409573,0
7,0.972839,0.218406,0.076700,0.905887,0.411983,0.098180,28.443340,0
7,0.961134,0.264415,0.079407,0.905887,0.411983,0.098180,28.476616,0
7,0.949122,0.304616,0.079859,0.905887,0.411983,0.098180,28.510096,0
7,0.940498,0.330743,0.077928,0.905887,0.411983,0.098180,28.543167,0
7,0.933049,0.350975,0.078974,0.905887,0.411983,0.098180,28.576008,0
7,0.928176,0.364058,0.077144,0.905887,0.411983,0.098180,28.609159,0
7,0.926770,0.368228,0.074199,0.905887,0.411983,0.098180,28.642767,0
7,0.924556,0.373695,0.074491,0.905887,0.411983,0.098180,28.676079,0
7,0.919627,0.385200,0.076861,0.905887,0.411983,0.098180,28.709423,0
7,0.914690,0.396914,0.076166,0.905887,0.411983,0.098180,28.742558,0
7,0.908501,0.410767,0.076788,0.905887,0.411983,0.098180,28.775948,0
7,0.902662,0.423403,0.077010,0.905887,0.411983,0.098180,28.809778,0
7,0.901161,0.426658,0.076620,0.905887,0.411983,0.098180,28.842726,0
7,0.903154,0.422675,0.075226,0.905887,0.411983,0.098180,28.875870,0
7,0.906924,0.414385,0.075984,0.905887,0.411983,0.098180,28.910728,0
7,0.909237,0.408674,0.079202,0.905887,0.411983,0.098180,28.941965,0
7,0.909304,0.408372,0.079994,0.905887,0.411983,0.098180,28.975889,0
7,0.911029,0.404619,0.079440,0.905887,0.411983,0.098180,29.009035,0
7,0.913578,0.398620,0.080483,0.905887,0.411983,0.098180,29.042084,0
7,0.915620,0.393402,0.082919,0.905887,0.411983,0.098180,29.076054,0
7,0.916776,0.388724,0.091739,0.905887,0.411983,0.098180,29.109213,0
7,0.917002,0.386636,0.098083,0.905887,0.411983,0.098180,29.142441,0
7,0.917901,0.383388,0.102335,0.905887,0.411983,0.098180,29.175680,0
7,0.918056,0.382621,0.103798,0.905887,0.411983,0.098180,29.208979,0
8,0.998890,0.021251,0.042041,0.985967,0.128340,0.106761,32.541142,0
8,0.998859,0.022427,0.042173,0.985967,0.128340,0.106761,32.575672,0
8,0.998869,0.022784,0.041726,0.985967,0.128340,0.106761,32.608582,0
8,0.998870,0.022840,0.041688,0.985967,0.128340,0.106761,32.640751,0
8,0.998882,0.022280,0.041686,0.985967,0.128340,0.106761,32.674717,0
8,0.998892,0.022348,0.041414,0.985967,0.128340,0.106761,32.708588,0
8,0.998915,0.022009,0.041048,0.985967,0.128340,0.106761,32.741936,0
8,0.998926,0.021615,0.040992,0.985967,0.128340,0.106761,32.774643,0
8,0.998969,0.021052,0.040227,0.985967,0.128340,0.106761,32.807964,0
8,0.998954,0.020781,0.040721,0.985967,0.128340,0.106761,32.840206,0
8,0.998715,0.023923,0.044669,0.985967,0.128340,0.106761,32.873489,0
8,0.997282,0.036007,0.064279,0.985967,0.128340,0.106761,32.907181,0
8,0.993345,0.056601,0.100310,0.985967,0.128340,0.106761,32.940849,0
8,0.989289,0.080579,0.121715,0.985967,0.128340,0.106761,32.974174,0
8,0.986829,0.101864,0.125670,0.985967,0.128340,0.106761,33.007370,0
8,0.985933,0.112262,0.123831,0.985967,0.128340,0.106761,33.040318,0
8,0.986043,0.115818,0.119606,0.985967,0.128340,0.106761,33.073448,0
8,0.986722,0.115589,0.114099,0.985967,0.128340,0.106761,33.107162,0
8,0.986796,0.113634,0.115413,0.985967,0.128340,0.106761,33.140400,0
8,0.987401,0.110430,0.113337,0.985967,0.128340,0.106761,33.173355,0
8,0.988211,0.107321,0.109182,0.985967,0.128340,0.106761,33.207058,0
8,0.988426,0.108901,0.105617,0.985967,0.128340,0.106761,33.240757,0
8,0.988499,0.113422,0.100029,0.985967,0.128340,0.106761,33.273293,0
8,0.988645,0.114047,0.097848,0.985967,0.128340,0.106761,33.307152,0
8,0.988940,0.113114,0.095927,0.985967,0.128340,0.106761,33.340088,0
8,0.989436,0.110610,0.093710,0.985967,0.128340,0.106761,33.373383,0
8,0.989481,0.108751,0.095394,0.985967,0.128340,0.106761,33.406868,0
8,0.989583,0.108352,0.094795,0.985967,0.128340,0.106761,33.440239,0
8,0.989530,0.109010,0.094593,0.985967,0.128340,0.106761,33.474346,0
8,0.989254,0.111645,0.094406,0.985967,0.128340,0.106761,33.507851,0
8,0.989319,0.113287,0.091729,0.985967,0.128340,0.106761,33.540607,0
8,0.989550,0.112478,0.090215,0.985967,0.128340,0.106761,33.573391,0
8,0.989607,0.112354,0.089745,0.985967,0.128340,0.106761,33.606842,0
8,0.989718,0.112344,0.088527,0.985967,0.128340,0.106761,33.639942,0
9,0.996632,0.056348,0.059583,0.931633,0.343052,0.119894,37.272125,0
9,0.996478,0.057173,0.061348,0.931633,0.343052,0.119894,37.306435,0
9,0.996295,0.059140,0.062441,0.931633,0.343052,0.119894,37.339218,0
9,0.996228,0.060929,0.061787,0.931633,0.343052,0.119894,37.372330,0
9,0.996302,0.061671,0.059831,0.931633,0.343052,0.119894,37.405918,0
9,0.996385,0.061708,0.058382,0.931633,0.343052,0.119894,37.440292,0
9,0.996426,0.061282,0.058133,0.931633,0.343052,0.119894,37.471912,0
9,0.996424,0.061045,0.058410,0.931633,0.343052,0.119894,37.504940,0
9,0.996284,0.062017,0.059760,0.931633,0.343052,0.119894,37.538521,0
9,0.995389,0.072489,0.062810,0.931633,0.343052,0.119894,37.571354,0
9,0.993230,0.094514,0.067533,0.931633,0.343052,0.119894,37.604618,0
9,0.988652,0.130472,0.074466,0.931633,0.343052,0.119894,37.637722,0
9,0.982094,0.170793,0.079507,0.931633,0.343052,0.119894,37.670746,0
9,0.973825,0.210457,0.085863,0.931633,0.343052,0.119894,37.704849,0
9,0.964047,0.248777,0.093396,0.931633,0.343052,0.119894,37.737751,0
9,0.953689,0.284077,0.098886,0.931633,0.343052,0.119894,37.770603,0
9,0.946357,0.305873,0.104162,0.931633,0.343052,0.119894,37.804440,0
9,0.941795,0.318916,0.106375,0.931633,0.343052,0.119894,37.837536,0
9,0.940689,0.321921,0.107101,0.931633,0.343052,0.119894,37.871387,0
9,0.940865,0.320421,0.110014,0.931633,0.343052,0.119894,37.904343,0
9,0.939849,0.322801,0.111730,0.931633,0.343052,0.119894,37.937458,0
9,0.939326,0.325048,0.109596,0.931633,0.343052,0.119894,37.970993,0
9,0.938744,0.325860,0.112141,0.931633,0.343052,0.119894,38.004101,0
9,0.936468,0.330889,0.116358,0.931633,0.343052,0.119894,38.037643,0
9,0.933479,0.338782,0.117658,0.931633,0.343052,0.119894,38.071106,0
9,0.931700,0.344223,0.115958,0.931633,0.343052,0.119894,38.104408,0
9,0.932520,0.342995,0.112962,0.931633,0.343052,0.119894,38.137463,0
9,0.934582,0.338667,0.108909,0.931633,0.343052,0.119894,38.170620,0
9,0.935641,0.336154,0.107589,0.931633,0.343052,0.119894,38.204155,0
9,0.937080,0.332466,0.106521,0.931633,0.343052,0.119894,38.237839,0
9,0.937870,0.330981,0.104168,0.931633,0.343052,0.119894,38.270447,0
9,0.937630,0.332377,0.101857,0.931633,0.343052,0.119894,38.304218,0
9,0.937308,0.333585,0.100870,0.931633,0.343052,0.119894,38.337753,0
9,0.937569,0.333234,0.099596,0.931633,0.343052,0.119894,38.371178,0
9,0.938110,0.331598,0.099958,0.931633,0.343052,0.119894,38.404655,0
9,0.938190,0.331173,0.100616,0.931633,0.343052,0.119894,38.437737,0
9,0.938346,0.330781,0.100456,0.931633,0.343052,0.119894,38.470406,0
9,0.938387,0.330449,0.101156,0.931633,0.343052,0.119894,38.504368,0
9,0.938250,0.330787,0.101330,0.931633,0.343052,0.119894,38.537262,0
9,0.938358,0.330679,0.100673,0.931633,0.343052,0.119894,38.570862,0
9,0.938638,0.330054,0.100111,0.931633,0.343052,0.119894,38.604721,0
10,0.956385,0.280588,0.081224,0.906400,-0.397706,0.142366,41.803329,0
10,0.956477,0.280327,0.081044,0.906400,-0.397706,0.142366,41.838032,0
10,0.956574,0.280107,0.080663,0.906400,-0.397706,0.142366,41.869461,0
10,0.956704,0.279742,0.080388,0.906400,-0.397706,0.142366,41.903706,0
10,0.956759,0.279642,0.080079,0.906400,-0.397706,0.142366,41.936180,0
10,0.956972,0.279049,0.079605,0.906400,-0.397706,0.142366,41.969769,0
10,0.956973,0.279070,0.079517,0.906400,-0.397706,0.142366,42.002880,0
10,0.956870,0.279395,0.079614,0.906400,-0.397706,0.142366,42.037037,0
10,0.956776,0.279619,0.079958,0.906400,-0.397706,0.142366,42.069660,0
10,0.956996,0.278784,0.080242,0.906400,-0.397706,0.142366,42.103455,0
10,0.957363,0.277555,0.080124,0.906400,-0.397706,0.142366,42.136417,0
10,0.960346,0.266609,0.081584,0.906400,-0.397706,0.142366,42.170006,0
10,0.968249,0.235784,0.083060,0.906400,-0.397706,0.142366,42.203678,0
10,0.976509,0.200028,0.080122,0.906400,-0.397706,0.142366,42.237968,0
10,0.984053,0.158958,0.079830,0.906400,-0.397706,0.142366,42.269730,0
10,0.991311,0.102107,0.082926,0.906400,-0.397706,0.142366,42.302017,0
10,0.995701,0.036759,0.085014,0.906400,-0.397706,0.142366,42.335781,0
10,0.995637,-0.029790,0.088423,0.906400,-0.397706,0.142366,42.369804,0
10,0.991618,-0.091009,0.091713,0.906400,-0.397706,0.142366,42.402241,0
10,0.983513,-0.151099,0.099356,0.906400,-0.397706,0.142366,42.436268,0
10,0.972362,-0.209097,0.103874,0.906400,-0.397706,0.142366,42.468960,0
10,0.959862,-0.256486,0.113495,0.906400,-0.397706,0.142366,42.503326,0
10,0.944716,-0.303041,0.125209,0.906400,-0.397706,0.142366,42.536419,0
10,0.929812,-0.343040,0.133314,0.906400,-0.397706,0.142366,42.569439,0
10,0.916318,-0.376057,0.137632,0.906400,-0.397706,0.142366,42.602039,0
10,0.905194,-0.401403,0.139642,0.906400,-0.397706,0.142366,42.637341,0
10,0.897275,-0.417363,0.143895,0.906400,-0.397706,0.142366,42.668854,0
10,0.886465,-0.436312,0.154310,0.906400,-0.397706,0.142366,42.702026,0
10,0.873662,-0.459784,0.159101,0.906400,-0.397706,0.142366,42.735729,0
10,0.868477,-0.469887,0.157968,0.906400,-0.397706,0.142366,42.768742,0
10,0.867169,-0.472727,0.156675,0.906400,-0.397706,0.142366,42.802219,0
10,0.867880,-0.472184,0.154361,0.906400,-0.397706,0.142366,42.835583,0
10,0.872339,-0.465151,0.150527,0.906400,-0.397706,0.142366,42.868675,0
10,0.877716,-0.455320,0.149327,0.906400,-0.397706,0.142366,42.901886,0
10,0.882021,-0.447667,0.147086,0.906400,-0.397706,0.142366,42.935871,0
10,0.887043,-0.438893,0.143275,0.906400,-0.397706,0.142366,42.968525,0
10,0.891673,-0.430135,0.141078,0.906400,-0.397706,0.142366,43.002026,0
10,0.896150,-0.421745,0.138011,0.906400,-0.397706,0.142366,43.035625,0
10,0.900742,-0.413438,0.133165,0.906400,-0.397706,0.142366,43.068642,0
10,0.904764,-0.405423,0.130516,0.906400,-0.397706,0.142366,43.101509,0
