1,0.997983,0.063450,0.001883,0.982617,0.156097,0.100482,3.132929,0
1,0.997996,0.063198,0.003063,0.982617,0.156097,0.100482,3.167037,0
1,0.997962,0.063728,0.003114,0.982617,0.156097,0.100482,3.199813,0
1,0.997990,0.063334,0.002206,0.982617,0.156097,0.100482,3.233473,0
1,0.998017,0.062924,0.001807,0.982617,0.156097,0.100482,3.266406,0
1,0.998051,0.062374,0.001737,0.982617,0.156097,0.100482,3.300823,0
1,0.998080,0.061911,0.002040,0.982617,0.156097,0.100482,3.333121,0
1,0.998075,0.061974,0.002147,0.982617,0.156097,0.100482,3.366373,0
1,0.998072,0.062025,0.002156,0.982617,0.156097,0.100482,3.399534,0
1,0.997985,0.063449,0.001024,0.982617,0.156097,0.100482,3.432762,0
1,0.997963,0.063785,0.000687,0.982617,0.156097,0.100482,3.465912,0
1,0.997941,0.064143,0.000414,0.982617,0.156097,0.100482,3.499398,0
1,0.997896,0.064832,0.000200,0.982617,0.156097,0.100482,3.532949,0
1,0.997879,0.065100,-0.000511,0.982617,0.156097,0.100482,3.566221,0
1,0.997857,0.065425,-0.000731,0.982617,0.156097,0.100482,3.599545,0
1,0.997802,0.066269,-0.000252,0.982617,0.156097,0.100482,3.633212,0
1,0.997652,0.068480,0.001002,0.982617,0.156097,0.100482,3.666221,0
1,0.997362,0.072219,0.007372,0.982617,0.156097,0.100482,3.699200,0
1,0.996697,0.078922,0.019147,0.982617,0.156097,0.100482,3.733105,0
1,0.995445,0.086999,0.038993,0.982617,0.156097,0.100482,3.766065,0
1,0.993897,0.096449,0.053535,0.982617,0.156097,0.100482,3.799443,0
1,0.992491,0.104793,0.063087,0.982617,0.156097,0.100482,3.832648,0
1,0.991269,0.112515,0.068754,0.982617,0.156097,0.100482,3.866111,0
1,0.989901,0.121073,0.073740,0.982617,0.156097,0.100482,3.899076,0
1,0.987861,0.131584,0.082567,0.982617,0.156097,0.100482,3.932674,0
1,0.984743,0.142372,0.100052,0.982617,0.156097,0.100482,3.966601,0
1,0.981292,0.153837,0.115760,0.982617,0.156097,0.100482,3.999167,0
1,0.977764,0.164556,0.129994,0.982617,0.156097,0.100482,4.032487,0
1,0.975135,0.173831,0.137456,0.982617,0.156097,0.100482,4.065876,0
1,0.973917,0.179754,0.138471,0.982617,0.156097,0.100482,4.098956,0
1,0.973714,0.183028,0.135580,0.982617,0.156097,0.100482,4.133104,0
1,0.974365,0.183383,0.130325,0.982617,0.156097,0.100482,4.166581,0
1,0.975617,0.180544,0.124804,0.982617,0.156097,0.100482,4.200149,0
1,0.976801,0.176155,0.121773,0.982617,0.156097,0.100482,4.233725,0
1,0.977819,0.172571,0.118702,0.982617,0.156097,0.100482,4.267312,0
1,0.978864,0.169513,0.114418,0.982617,0.156097,0.100482,4.298649,0
1,0.980028,0.166864,0.108173,0.982617,0.156097,0.100482,4.332433,0
1,0.981369,0.164209,0.099752,0.982617,0.156097,0.100482,4.365262,0
1,0.982155,0.162903,0.093992,0.982617,0.156097,0.100482,4.398296,0
1,0.982728,0.162220,0.089051,0.982617,0.156097,0.100482,4.431667,0
1,0.982804,0.163105,0.086557,0.982617,0.156097,0.100482,4.464624,0
1,0.982832,0.164693,0.083166,0.982617,0.156097,0.100482,4.497717,0
1,0.983003,0.167068,0.076109,0.982617,0.156097,0.100482,4.531475,0
1,0.982794,0.171235,0.069238,0.982617,0.156097,0.100482,4.564859,0
1,0.982346,0.175187,0.065620,0.982617,0.156097,0.100482,4.597895,0
1,0.982101,0.176789,0.064992,0.982617,0.156097,0.100482,4.631575,0
1,0.982122,0.176561,0.065290,0.982617,0.156097,0.100482,4.664432,0
1,0.982102,0.176227,0.066476,0.982617,0.156097,0.100482,4.697819,0
1,0.982558,0.173770,0.066209,0.982617,0.156097,0.100482,4.731840,0
1,0.983180,0.169040,0.069157,0.982617,0.156097,0.100482,4.764529,0
1,0.983526,0.165287,0.073185,0.982617,0.156097,0.100482,4.797818,0
1,0.984278,0.160259,0.074257,0.982617,0.156097,0.100482,4.831261,0
1,0.984381,0.155494,0.082560,0.982617,0.156097,0.100482,4.864838,0
1,0.984472,0.153087,0.085905,0.982617,0.156097,0.100482,4.897826,0
1,0.984968,0.151758,0.082508,0.982617,0.156097,0.100482,4.931170,0
1,0.985163,0.151873,0.079931,0.982617,0.156097,0.100482,4.965123,0
1,0.985226,0.152372,0.078186,0.982617,0.156097,0.100482,4.998018,0
1,0.985089,0.153208,0.078274,0.982617,0.156097,0.100482,5.031141,0
1,0.984970,0.153374,0.079438,0.982617,0.156097,0.100482,5.064574,0
1,0.984900,0.153472,0.080120,0.982617,0.156097,0.100482,5.097660,0
1,0.984794,0.153328,0.081674,0.982617,0.156097,0.100482,5.130845,0
1,0.984592,0.154075,0.082700,0.982617,0.156097,0.100482,5.164245,0
1,0.984445,0.155313,0.082135,0.982617,0.156097,0.100482,5.197539,0
1,0.984239,0.156466,0.082413,0.982617,0.156097,0.100482,5.230793,0
1,0.983917,0.158474,0.082419,0.982617,0.156097,0.100482,5.264310,0
1,0.983876,0.158823,0.082233,0.982617,0.156097,0.100482,5.297479,0
1,0.983913,0.158659,0.082110,0.982617,0.156097,0.100482,5.330914,0
1,0.984218,0.157157,0.081337,0.982617,0.156097,0.100482,5.364459,0
1,0.984459,0.154489,0.083503,0.982617,0.156097,0.100482,5.398587,0
1,0.984593,0.152560,0.085456,0.982617,0.156097,0.100482,5.432212,0
1,0.984576,0.150771,0.088755,0.982617,0.156097,0.100482,5.464962,0
2,0.992973,-0.020565,0.116537,0.920945,0.372178,0.115518,8.730247,0
2,0.992528,-0.036682,0.116370,0.920945,0.372178,0.115518,8.764394,0
2,0.991840,-0.050523,0.117053,0.920945,0.372178,0.115518,8.797318,0
2,0.991135,-0.058561,0.119257,0.920945,0.372178,0.115518,8.830601,0
2,0.991005,-0.061147,0.119034,0.920945,0.372178,0.115518,8.863688,0
2,0.991265,-0.059907,0.117491,0.920945,0.372178,0.115518,8.896597,0
2,0.991447,-0.057856,0.116983,0.920945,0.372178,0.115518,8.930309,0
2,0.991399,-0.054889,0.118811,0.920945,0.372178,0.115518,8.964014,0
2,0.991152,-0.052779,0.121789,0.920945,0.372178,0.115518,8.996948,0
2,0.990978,-0.046349,0.125756,0.920945,0.372178,0.115518,9.030445,0
2,0.991365,-0.026781,0.128370,0.920945,0.372178,0.115518,9.063789,0
2,0.991634,0.007261,0.128877,0.920945,0.372178,0.115518,9.097105,0
2,0.989966,0.065189,0.125373,0.920945,0.372178,0.115518,9.130227,0
2,0.984205,0.126523,0.123823,0.920945,0.372178,0.115518,9.163499,0
2,0.975734,0.178733,0.126482,0.920945,0.372178,0.115518,9.196715,0
2,0.968719,0.209989,0.132245,0.920945,0.372178,0.115518,9.230197,0
2,0.962263,0.236933,0.133841,0.920945,0.372178,0.115518,9.263705,0
2,0.956189,0.259248,0.135990,0.920945,0.372178,0.115518,9.297581,0
2,0.951179,0.278551,0.132920,0.920945,0.372178,0.115518,9.332199,0
2,0.946057,0.298090,0.126961,0.920945,0.372178,0.115518,9.363321,0
2,0.940707,0.317216,0.120188,0.920945,0.372178,0.115518,9.395963,0
2,0.935373,0.335794,0.110992,0.920945,0.372178,0.115518,9.428720,0
2,0.930298,0.351880,0.103568,0.920945,0.372178,0.115518,9.462016,0
2,0.925680,0.366065,0.095464,0.920945,0.372178,0.115518,9.496239,0
2,0.921029,0.378860,0.090396,0.920945,0.372178,0.115518,9.528399,0
2,0.917448,0.387827,0.088766,0.920945,0.372178,0.115518,9.562161,0
2,0.913462,0.396618,0.091008,0.920945,0.372178,0.115518,9.595485,0
2,0.910295,0.401361,0.101346,0.920945,0.372178,0.115518,9.628279,0
2,0.908570,0.401420,0.115600,0.920945,0.372178,0.115518,9.661646,0
2,0.907705,0.401948,0.120457,0.920945,0.372178,0.115518,9.695590,0
2,0.906494,0.404541,0.120890,0.920945,0.372178,0.115518,9.728465,0
2,0.906571,0.404951,0.118929,0.920945,0.372178,0.115518,9.761842,0
2,0.907195,0.403586,0.118810,0.920945,0.372178,0.115518,9.795032,0
2,0.908258,0.400844,0.119964,0.920945,0.372178,0.115518,9.828703,0
2,0.910742,0.393004,0.126873,0.920945,0.372178,0.115518,9.861651,0
2,0.913345,0.387049,0.126463,0.920945,0.372178,0.115518,9.895018,0
2,0.918257,0.375993,0.124234,0.920945,0.372178,0.115518,9.928655,0
2,0.921485,0.368172,0.123754,0.920945,0.372178,0.115518,9.962247,0
2,0.923709,0.363900,0.119743,0.920945,0.372178,0.115518,9.995462,0
2,0.924372,0.362834,0.117844,0.920945,0.372178,0.115518,10.028419,0
2,0.923847,0.364437,0.117011,0.920945,0.372178,0.115518,10.061922,0
2,0.923448,0.365103,0.118079,0.920945,0.372178,0.115518,10.095436,0
2,0.922972,0.366197,0.118416,0.920945,0.372178,0.115518,10.127733,0
2,0.923156,0.366296,0.116659,0.920945,0.372178,0.115518,10.161525,0
2,0.923397,0.365546,0.117103,0.920945,0.372178,0.115518,10.195316,0
2,0.924099,0.363648,0.117479,0.920945,0.372178,0.115518,10.231986,0
2,0.924213,0.362384,0.120455,0.920945,0.372178,0.115518,10.262053,0
2,0.923857,0.361989,0.124304,0.920945,0.372178,0.115518,10.294937,0
2,0.924855,0.359174,0.125050,0.920945,0.372178,0.115518,10.328544,0
2,0.925709,0.357605,0.123214,0.920945,0.372178,0.115518,10.361694,0
2,0.926578,0.357302,0.117424,0.920945,0.372178,0.115518,10.396109,0
2,0.927067,0.358432,0.109881,0.920945,0.372178,0.115518,10.428237,0
2,0.926778,0.362836,0.097117,0.920945,0.372178,0.115518,10.461099,0
2,0.925988,0.368750,0.081056,0.920945,0.372178,0.115518,10.494652,0
2,0.924376,0.375309,0.068358,0.920945,0.372178,0.115518,10.527562,0
2,0.923292,0.378821,0.063455,0.920945,0.372178,0.115518,10.561423,0
2,0.922616,0.379653,0.068143,0.920945,0.372178,0.115518,10.594883,0
2,0.921977,0.380324,0.072886,0.920945,0.372178,0.115518,10.627768,0
2,0.922357,0.378769,0.076106,0.920945,0.372178,0.115518,10.661047,0
2,0.923320,0.375779,0.079179,0.920945,0.372178,0.115518,10.694328,0
2,0.923948,0.373401,0.083018,0.920945,0.372178,0.115518,10.728382,0
2,0.924217,0.372286,0.085009,0.920945,0.372178,0.115518,10.760839,0
3,0.938090,0.328890,0.108715,0.834867,0.536957,0.121135,14.094268,0
3,0.938754,0.327218,0.108029,0.834867,0.536957,0.121135,14.128196,0
3,0.939628,0.324709,0.107997,0.834867,0.536957,0.121135,14.161437,0
3,0.940384,0.322739,0.107320,0.834867,0.536957,0.121135,14.194176,0
3,0.941375,0.320102,0.106524,0.834867,0.536957,0.121135,14.227364,0
3,0.942179,0.317667,0.106707,0.834867,0.536957,0.121135,14.261527,0
3,0.942627,0.316530,0.106124,0.834867,0.536957,0.121135,14.295509,0
3,0.942733,0.316042,0.106638,0.834867,0.536957,0.121135,14.328075,0
3,0.942430,0.316751,0.107214,0.834867,0.536957,0.121135,14.362367,0
3,0.941987,0.317949,0.107561,0.834867,0.536957,0.121135,14.397172,0
3,0.940541,0.321821,0.108690,0.834867,0.536957,0.121135,14.427593,0
3,0.936493,0.332918,0.110212,0.834867,0.536957,0.121135,14.461837,0
3,0.931094,0.347355,0.111395,0.834867,0.536957,0.121135,14.493254,0
3,0.923985,0.365508,0.112495,0.834867,0.536957,0.121135,14.527172,0
3,0.914972,0.387021,0.114201,0.834867,0.536957,0.121135,14.560070,0
3,0.903463,0.412511,0.116572,0.834867,0.536957,0.121135,14.594284,0
3,0.890548,0.438177,0.122168,0.834867,0.536957,0.121135,14.628646,0
3,0.876457,0.463185,0.131461,0.834867,0.536957,0.121135,14.660979,0
3,0.862395,0.486142,0.141214,0.834867,0.536957,0.121135,14.694371,0
3,0.848239,0.508004,0.149743,0.834867,0.536957,0.121135,14.726851,0
3,0.836814,0.525832,0.152453,0.834867,0.536957,0.121135,14.760050,0
3,0.827948,0.540036,0.151204,0.834867,0.536957,0.121135,14.794343,0
3,0.821365,0.551086,0.147186,0.834867,0.536957,0.121135,14.827642,0
3,0.816732,0.559108,0.142648,0.834867,0.536957,0.121135,14.860681,0
3,0.813679,0.564699,0.137987,0.834867,0.536957,0.121135,14.893552,0
3,0.811291,0.568292,0.137296,0.834867,0.536957,0.121135,14.926751,0
3,0.811073,0.568744,0.136715,0.834867,0.536957,0.121135,14.960760,0
3,0.812871,0.566430,0.135638,0.834867,0.536957,0.121135,14.993449,0
3,0.815963,0.562087,0.135143,0.834867,0.536957,0.121135,15.027427,0
3,0.820395,0.556250,0.132434,0.834867,0.536957,0.121135,15.060073,0
3,0.823275,0.552640,0.129643,0.834867,0.536957,0.121135,15.093746,0
3,0.826454,0.548044,0.128923,0.834867,0.536957,0.121135,15.127110,0
3,0.828354,0.545195,0.128809,0.834867,0.536957,0.121135,15.159504,0
3,0.829436,0.543755,0.127929,0.834867,0.536957,0.121135,15.192929,0
3,0.832008,0.540083,0.126782,0.834867,0.536957,0.121135,15.226249,0
3,0.833217,0.538558,0.125323,0.834867,0.536957,0.121135,15.259755,0
3,0.835195,0.536431,0.121209,0.834867,0.536957,0.121135,15.293576,0
3,0.836121,0.535586,0.118527,0.834867,0.536957,0.121135,15.327266,0
3,0.836446,0.535795,0.115244,0.834867,0.536957,0.121135,15.360668,0
3,0.837329,0.534796,0.113460,0.834867,0.536957,0.121135,15.394978,0
3,0.837089,0.535075,0.113914,0.834867,0.536957,0.121135,15.427462,0
3,0.837080,0.535080,0.113961,0.834867,0.536957,0.121135,15.459207,0
3,0.837102,0.534736,0.115402,0.834867,0.536957,0.121135,15.492838,0
3,0.837284,0.534254,0.116309,0.834867,0.536957,0.121135,15.527122,0
3,0.837809,0.533217,0.117279,0.834867,0.536957,0.121135,15.559649,0
3,0.838033,0.532689,0.118081,0.834867,0.536957,0.121135,15.593169,0
3,0.838148,0.532279,0.119106,0.834867,0.536957,0.121135,15.627848,0
3,0.838708,0.531491,0.118687,0.834867,0.536957,0.121135,15.660216,0
3,0.838978,0.530873,0.119544,0.834867,0.536957,0.121135,15.693827,0
3,0.839069,0.530447,0.120782,0.834867,0.536957,0.121135,15.726514,0
3,0.839455,0.529755,0.121140,0.834867,0.536957,0.121135,15.759494,0
3,0.840348,0.528047,0.122404,0.834867,0.536957,0.121135,15.793847,0
3,0.840988,0.526818,0.123298,0.834867,0.536957,0.121135,15.827082,0
3,0.841670,0.525597,0.123852,0.834867,0.536957,0.121135,15.859586,0
3,0.842129,0.525225,0.122302,0.834867,0.536957,0.121135,15.892718,0
3,0.842441,0.525130,0.120549,0.834867,0.536957,0.121135,15.925084,0
3,0.841779,0.525881,0.121890,0.834867,0.536957,0.121135,15.962315,0
3,0.840980,0.527550,0.120185,0.834867,0.536957,0.121135,15.991639,0
3,0.839713,0.529103,0.122197,0.834867,0.536957,0.121135,16.024626,0
3,0.838022,0.531518,0.123320,0.834867,0.536957,0.121135,16.057827,0
3,0.837254,0.532959,0.122310,0.834867,0.536957,0.121135,16.091499,0
3,0.836002,0.534706,0.123247,0.834867,0.536957,0.121135,16.124796,0
3,0.834825,0.536468,0.123573,0.834867,0.536957,0.121135,16.158348,0
3,0.833388,0.538483,0.124498,0.834867,0.536957,0.121135,16.191221,0
3,0.832513,0.540001,0.123781,0.834867,0.536957,0.121135,16.224585,0
3,0.832994,0.539223,0.123935,0.834867,0.536957,0.121135,16.257896,0
3,0.832756,0.538829,0.127208,0.834867,0.536957,0.121135,16.291561,0
3,0.832967,0.537842,0.129971,0.834867,0.536957,0.121135,16.324629,0
3,0.833697,0.535497,0.134878,0.834867,0.536957,0.121135,16.358688,0
4,0.946409,0.284066,0.153679,0.986099,-0.020724,0.164864,19.492741,0
4,0.947241,0.283070,0.150350,0.986099,-0.020724,0.164864,19.526581,0
4,0.947227,0.285162,0.146436,0.986099,-0.020724,0.164864,19.558464,0
4,0.946573,0.288210,0.144683,0.986099,-0.020724,0.164864,19.580696,0
4,0.945768,0.290990,0.144386,0.986099,-0.020724,0.164864,19.603851,0
4,0.944900,0.293205,0.145585,0.986099,-0.020724,0.164864,19.626778,0
4,0.944176,0.294511,0.147635,0.986099,-0.020724,0.164864,19.648821,0
4,0.943724,0.295859,0.147828,0.986099,-0.020724,0.164864,19.672752,0
4,0.943479,0.296767,0.147569,0.986099,-0.020724,0.164864,19.695171,0
4,0.943252,0.297395,0.147755,0.986099,-0.020724,0.164864,19.717381,0
4,0.942858,0.297210,0.150618,0.986099,-0.020724,0.164864,19.746752,0
4,0.942966,0.294277,0.155618,0.986099,-0.020724,0.164864,19.780088,0
4,0.944988,0.284907,0.160705,0.986099,-0.020724,0.164864,19.813583,0
4,0.949053,0.271839,0.159378,0.986099,-0.020724,0.164864,19.846273,0
4,0.954861,0.250060,0.160348,0.986099,-0.020724,0.164864,19.879639,0
4,0.961997,0.217526,0.165056,0.986099,-0.020724,0.164864,19.913368,0
4,0.972113,0.166983,0.164661,0.986099,-0.020724,0.164864,19.946522,0
4,0.980083,0.117417,0.160158,0.986099,-0.020724,0.164864,19.980732,0
4,0.985751,0.075224,0.150454,0.986099,-0.020724,0.164864,20.013659,0
4,0.990363,0.040953,0.132299,0.986099,-0.020724,0.164864,20.046913,0
4,0.992892,0.013700,0.118225,0.986099,-0.020724,0.164864,20.080532,0
4,0.993533,-0.004993,0.113430,0.986099,-0.020724,0.164864,20.112999,0
4,0.993602,-0.020302,0.111098,0.986099,-0.020724,0.164864,20.146454,0
4,0.992688,-0.030159,0.116881,0.986099,-0.020724,0.164864,20.180176,0
4,0.991492,-0.040157,0.123820,0.986099,-0.020724,0.164864,20.213867,0
4,0.990604,-0.045191,0.129082,0.986099,-0.020724,0.164864,20.246452,0
4,0.990493,-0.048689,0.128660,0.986099,-0.020724,0.164864,20.279652,0
4,0.990455,-0.049989,0.128451,0.986099,-0.020724,0.164864,20.313219,0
4,0.990335,-0.045836,0.130902,0.986099,-0.020724,0.164864,20.346649,0
4,0.990016,-0.042583,0.134368,0.986099,-0.020724,0.164864,20.379919,0
4,0.989321,-0.037812,0.140762,0.986099,-0.020724,0.164864,20.413166,0
4,0.988778,-0.032214,0.145879,0.986099,-0.020724,0.164864,20.446371,0
4,0.988116,-0.028454,0.151053,0.986099,-0.020724,0.164864,20.481192,0
4,0.988011,-0.024703,0.152396,0.986099,-0.020724,0.164864,20.512964,0
4,0.988350,-0.018692,0.151046,0.986099,-0.020724,0.164864,20.546106,0
4,0.989039,-0.014142,0.146972,0.986099,-0.020724,0.164864,20.579348,0
4,0.989166,-0.010629,0.146418,0.986099,-0.020724,0.164864,20.612434,0
4,0.988958,-0.004530,0.148127,0.986099,-0.020724,0.164864,20.645708,0
4,0.989000,-0.002665,0.147890,0.986099,-0.020724,0.164864,20.679319,0
4,0.988712,-0.001582,0.149818,0.986099,-0.020724,0.164864,20.712801,0
4,0.988547,-0.000725,0.150913,0.986099,-0.020724,0.164864,20.746393,0
4,0.988646,-0.001794,0.150250,0.986099,-0.020724,0.164864,20.780056,0
4,0.988613,-0.002007,0.150467,0.986099,-0.020724,0.164864,20.813160,0
4,0.988551,-0.000831,0.150882,0.986099,-0.020724,0.164864,20.845646,0
4,0.988344,0.000556,0.152237,0.986099,-0.020724,0.164864,20.879086,0
4,0.987952,0.001591,0.154753,0.986099,-0.020724,0.164864,20.913343,0
4,0.987853,0.002339,0.155373,0.986099,-0.020724,0.164864,20.945950,0
4,0.987834,0.002036,0.155496,0.986099,-0.020724,0.164864,20.979345,0
4,0.987713,0.001694,0.156272,0.986099,-0.020724,0.164864,21.012915,0
4,0.987804,0.001121,0.155702,0.986099,-0.020724,0.164864,21.046232,0
4,0.987776,-0.000140,0.155881,0.986099,-0.020724,0.164864,21.079479,0
4,0.987680,-0.000657,0.156489,0.986099,-0.020724,0.164864,21.112638,0
4,0.987632,-0.000760,0.156788,0.986099,-0.020724,0.164864,21.145775,0
4,0.987628,-0.000651,0.156812,0.986099,-0.020724,0.164864,21.179674,0
4,0.987611,-0.000744,0.156920,0.986099,-0.020724,0.164864,21.212946,0
4,0.987437,-0.001117,0.158006,0.986099,-0.020724,0.164864,21.245567,0
4,0.987273,-0.001539,0.159030,0.986099,-0.020724,0.164864,21.279188,0
4,0.987270,-0.002040,0.159040,0.986099,-0.020724,0.164864,21.312305,0
4,0.987283,-0.003288,0.158940,0.986099,-0.020724,0.164864,21.345774,0
4,0.987486,-0.004685,0.157634,0.986099,-0.020724,0.164864,21.379135,0
4,0.987862,-0.004921,0.155257,0.986099,-0.020724,0.164864,21.413013,0
4,0.987966,-0.004430,0.154606,0.986099,-0.020724,0.164864,21.434690,0
4,0.987966,-0.004172,0.154612,0.986099,-0.020724,0.164864,21.456963,0
4,0.988041,-0.005016,0.154111,0.986099,-0.020724,0.164864,21.480274,0
4,0.988209,-0.006757,0.152965,0.986099,-0.020724,0.164864,21.503448,0
4,0.988202,-0.008489,0.152918,0.986099,-0.020724,0.164864,21.526995,0
4,0.988208,-0.010218,0.152776,0.986099,-0.020724,0.164864,21.549864,0
4,0.988318,-0.012600,0.151887,0.986099,-0.020724,0.164864,21.572144,0
4,0.988363,-0.014837,0.151389,0.986099,-0.020724,0.164864,21.594191,0
4,0.988364,-0.016905,0.151162,0.986099,-0.020724,0.164864,21.624170,0
4,0.988333,-0.017012,0.151353,0.986099,-0.020724,0.164864,21.658546,0
4,0.988507,-0.015371,0.150394,0.986099,-0.020724,0.164864,21.690346,0
4,0.988558,-0.012731,0.150307,0.986099,-0.020724,0.164864,21.723978,0
4,0.988633,-0.010373,0.149991,0.986099,-0.020724,0.164864,21.756990,0
4,0.988643,-0.009110,0.150004,0.986099,-0.020724,0.164864,21.790308,0
4,0.988615,-0.009503,0.150169,0.986099,-0.020724,0.164864,21.824266,0
4,0.988594,-0.010456,0.150244,0.986099,-0.020724,0.164864,21.856632,0
4,0.988463,-0.012703,0.150930,0.986099,-0.020724,0.164864,21.890390,0
4,0.988378,-0.014824,0.151292,0.986099,-0.020724,0.164864,21.923574,0
4,0.988486,-0.016860,0.150373,0.986099,-0.020724,0.164864,21.957321,0
4,0.988675,-0.019081,0.148853,0.986099,-0.020724,0.164864,21.989956,0
4,0.988968,-0.020564,0.146691,0.986099,-0.020724,0.164864,22.024410,0
4,0.989225,-0.022449,0.144671,0.986099,-0.020724,0.164864,22.056971,0
4,0.989334,-0.024783,0.143542,0.986099,-0.020724,0.164864,22.090294,0
4,0.989573,-0.026685,0.141540,0.986099,-0.020724,0.164864,22.123447,0
4,0.989565,-0.028240,0.141293,0.986099,-0.020724,0.164864,22.156534,0
4,0.989444,-0.027510,0.142280,0.986099,-0.020724,0.164864,22.189945,0
4,0.989387,-0.026356,0.142896,0.986099,-0.020724,0.164864,22.223433,0
4,0.989259,-0.025332,0.143959,0.986099,-0.020724,0.164864,22.256704,0
4,0.989276,-0.023279,0.144193,0.986099,-0.020724,0.164864,22.289757,0
4,0.989192,-0.022545,0.144881,0.986099,-0.020724,0.164864,22.323299,0
4,0.989073,-0.022937,0.145632,0.986099,-0.020724,0.164864,22.356455,0
4,0.989048,-0.023271,0.145749,0.986099,-0.020724,0.164864,22.390066,0
4,0.988990,-0.024280,0.145978,0.986099,-0.020724,0.164864,22.423532,0
4,0.989017,-0.024825,0.145698,0.986099,-0.020724,0.164864,22.457207,0
4,0.989070,-0.025274,0.145267,0.986099,-0.020724,0.164864,22.490965,0
4,0.989146,-0.025508,0.144706,0.986099,-0.020724,0.164864,22.524343,0
4,0.989107,-0.025539,0.144964,0.986099,-0.020724,0.164864,22.556602,0
4,0.989101,-0.024990,0.145105,0.986099,-0.020724,0.164864,22.589664,0
4,0.989037,-0.025164,0.145509,0.986099,-0.020724,0.164864,22.623117,0
4,0.988956,-0.024259,0.146212,0.986099,-0.020724,0.164864,22.657757,0
4,0.988893,-0.022406,0.146931,0.986099,-0.020724,0.164864,22.690128,0
4,0.988974,-0.021833,0.146468,0.986099,-0.020724,0.164864,22.724005,0
4,0.988958,-0.020834,0.146724,0.986099,-0.020724,0.164864,22.756741,0
4,0.988991,-0.020791,0.146508,0.986099,-0.020724,0.164864,22.789793,0
4,0.988937,-0.021537,0.146766,0.986099,-0.020724,0.164864,22.823111,0
4,0.988851,-0.022730,0.147165,0.986099,-0.020724,0.164864,22.856537,0
4,0.989060,-0.026282,0.145152,0.986099,-0.020724,0.164864,22.889467,0
4,0.989477,-0.027079,0.142131,0.986099,-0.020724,0.164864,22.912355,0
4,0.989765,-0.027904,0.139955,0.986099,-0.020724,0.164864,22.934988,0
4,0.989930,-0.028781,0.138602,0.986099,-0.020724,0.164864,22.957474,0
4,0.989987,-0.029240,0.138098,0.986099,-0.020724,0.164864,22.980959,0
4,0.990005,-0.028972,0.138027,0.986099,-0.020724,0.164864,23.003983,0
4,0.989649,-0.028331,0.140684,0.986099,-0.020724,0.164864,23.025816,0
4,0.989288,-0.028091,0.143247,0.986099,-0.020724,0.164864,23.047659,0
4,0.988928,-0.027357,0.145852,0.986099,-0.020724,0.164864,23.078697,0
4,0.988550,-0.025843,0.148667,0.986099,-0.020724,0.164864,23.112015,0
4,0.988293,-0.025158,0.150482,0.986099,-0.020724,0.164864,23.146458,0
5,0.989292,0.014863,0.145191,0.988926,-0.024003,0.146457,26.476931,0
5,0.988757,0.023964,0.147600,0.988926,-0.024003,0.146457,26.511347,0
5,0.987822,0.035484,0.151490,0.988926,-0.024003,0.146457,26.544189,0
5,0.986505,0.051607,0.155384,0.988926,-0.024003,0.146457,26.577692,0
5,0.984803,0.069492,0.159170,0.988926,-0.024003,0.146457,26.611187,0
5,0.982485,0.090063,0.163129,0.988926,-0.024003,0.146457,26.644260,0
5,0.980134,0.108738,0.165872,0.988926,-0.024003,0.146457,26.677736,0
5,0.977935,0.124134,0.168030,0.988926,-0.024003,0.146457,26.711006,0
5,0.975915,0.137174,0.169630,0.988926,-0.024003,0.146457,26.744455,0
5,0.974524,0.146610,0.169733,0.988926,-0.024003,0.146457,26.777239,0
5,0.973425,0.152667,0.170694,0.988926,-0.024003,0.146457,26.811659,0
5,0.973096,0.155248,0.170244,0.988926,-0.024003,0.146457,26.845865,0
5,0.973699,0.153789,0.168106,0.988926,-0.024003,0.146457,26.877188,0
5,0.975498,0.147149,0.163559,0.988926,-0.024003,0.146457,26.910177,0
5,0.978798,0.132812,0.155934,0.988926,-0.024003,0.146457,26.944309,0
5,0.982080,0.117019,0.147732,0.988926,-0.024003,0.146457,26.965714,0
5,0.984307,0.101011,0.144692,0.988926,-0.024003,0.146457,26.988022,0
5,0.985709,0.085191,0.145329,0.988926,-0.024003,0.146457,27.013559,0
5,0.986690,0.070703,0.146436,0.988926,-0.024003,0.146457,27.036442,0
5,0.987271,0.057857,0.148148,0.988926,-0.024003,0.146457,27.058064,0
5,0.987503,0.047139,0.150385,0.988926,-0.024003,0.146457,27.079912,0
5,0.987649,0.038177,0.151959,0.988926,-0.024003,0.146457,27.101576,0
5,0.987830,0.027994,0.152998,0.988926,-0.024003,0.146457,27.123285,0
5,0.987856,0.014627,0.154680,0.988926,-0.024003,0.146457,27.153339,0
5,0.988069,0.003294,0.153978,0.988926,-0.024003,0.146457,27.186594,0
5,0.988583,-0.006986,0.150515,0.988926,-0.024003,0.146457,27.219236,0
5,0.988483,-0.012716,0.150797,0.988926,-0.024003,0.146457,27.254873,0
5,0.988573,-0.016804,0.149803,0.988926,-0.024003,0.146457,27.286125,0
5,0.989120,-0.021307,0.145562,0.988926,-0.024003,0.146457,27.319386,0
5,0.989578,-0.024970,0.141819,0.988926,-0.024003,0.146457,27.352718,0
5,0.990076,-0.027204,0.137871,0.988926,-0.024003,0.146457,27.385860,0
5,0.990478,-0.027930,0.134811,0.988926,-0.024003,0.146457,27.419231,0
5,0.990452,-0.028181,0.134946,0.988926,-0.024003,0.146457,27.452818,0
5,0.990452,-0.028867,0.134800,0.988926,-0.024003,0.146457,27.485720,0
5,0.990501,-0.029860,0.134223,0.988926,-0.024003,0.146457,27.518993,0
5,0.990594,-0.030772,0.133332,0.988926,-0.024003,0.146457,27.552929,0
5,0.990923,-0.032636,0.130410,0.988926,-0.024003,0.146457,27.585981,0
5,0.991275,-0.032702,0.127686,0.988926,-0.024003,0.146457,27.619856,0
5,0.991442,-0.032408,0.126459,0.988926,-0.024003,0.146457,27.652502,0
5,0.991345,-0.031733,0.127391,0.988926,-0.024003,0.146457,27.685650,0
5,0.991238,-0.030083,0.128614,0.988926,-0.024003,0.146457,27.719658,0
5,0.991042,-0.029346,0.130286,0.988926,-0.024003,0.146457,27.752974,0
5,0.990833,-0.027753,0.132212,0.988926,-0.024003,0.146457,27.785994,0
5,0.990592,-0.025977,0.134362,0.988926,-0.024003,0.146457,27.819199,0
5,0.990271,-0.024028,0.137062,0.988926,-0.024003,0.146457,27.853346,0
5,0.989973,-0.021340,0.139636,0.988926,-0.024003,0.146457,27.886393,0
5,0.989486,-0.019627,0.143293,0.988926,-0.024003,0.146457,27.920553,0
5,0.989344,-0.018922,0.144363,0.988926,-0.024003,0.146457,27.954641,0
5,0.989305,-0.017967,0.144747,0.988926,-0.024003,0.146457,27.987549,0
5,0.989286,-0.018716,0.144789,0.988926,-0.024003,0.146457,28.021168,0
5,0.989221,-0.018682,0.145233,0.988926,-0.024003,0.146457,28.053286,0
5,0.989330,-0.019593,0.144371,0.988926,-0.024003,0.146457,28.087250,0
5,0.989320,-0.018563,0.144575,0.988926,-0.024003,0.146457,28.119781,0
5,0.989307,-0.016838,0.144876,0.988926,-0.024003,0.146457,28.152536,0
5,0.989279,-0.015650,0.145196,0.988926,-0.024003,0.146457,28.186167,0
5,0.989439,-0.014251,0.144250,0.988926,-0.024003,0.146457,28.219881,0
5,0.989417,-0.013676,0.144452,0.988926,-0.024003,0.146457,28.253061,0
5,0.989435,-0.013840,0.144313,0.988926,-0.024003,0.146457,28.286320,0
5,0.989520,-0.013450,0.143765,0.988926,-0.024003,0.146457,28.319651,0
5,0.989369,-0.012689,0.144874,0.988926,-0.024003,0.146457,28.353008,0
5,0.989365,-0.012050,0.144951,0.988926,-0.024003,0.146457,28.386152,0
5,0.989482,-0.012091,0.144149,0.988926,-0.024003,0.146457,28.419731,0
5,0.989372,-0.013799,0.144752,0.988926,-0.024003,0.146457,28.452673,0
5,0.989371,-0.015535,0.144581,0.988926,-0.024003,0.146457,28.485891,0
5,0.989524,-0.015323,0.143550,0.988926,-0.024003,0.146457,28.508539,0
5,0.989497,-0.015101,0.143763,0.988926,-0.024003,0.146457,28.530642,0
5,0.989450,-0.014341,0.144165,0.988926,-0.024003,0.146457,28.554649,0
5,0.989435,-0.013592,0.144340,0.988926,-0.024003,0.146457,28.577534,0
5,0.989523,-0.013401,0.143754,0.988926,-0.024003,0.146457,28.599348,0
5,0.989617,-0.013284,0.143116,0.988926,-0.024003,0.146457,28.621737,0
5,0.989617,-0.013410,0.143100,0.988926,-0.024003,0.146457,28.642799,0
5,0.989683,-0.013423,0.142645,0.988926,-0.024003,0.146457,28.665861,0
5,0.989653,-0.013625,0.142835,0.988926,-0.024003,0.146457,28.698549,0
6,0.988137,-0.017793,0.152541,0.968119,0.225628,0.108798,31.862879,0
6,0.988163,-0.017597,0.152395,0.968119,0.225628,0.108798,31.896564,0
6,0.988097,-0.018110,0.152763,0.968119,0.225628,0.108798,31.929518,0
6,0.988109,-0.018450,0.152644,0.968119,0.225628,0.108798,31.963068,0
6,0.988104,-0.018449,0.152675,0.968119,0.225628,0.108798,31.985540,0
6,0.988119,-0.018384,0.152587,0.968119,0.225628,0.108798,32.007492,0
6,0.988090,-0.018063,0.152816,0.968119,0.225628,0.108798,32.030663,0
6,0.988059,-0.018056,0.153015,0.968119,0.225628,0.108798,32.053078,0
6,0.988057,-0.017609,0.153080,0.968119,0.225628,0.108798,32.075825,0
6,0.988078,-0.017261,0.152983,0.968119,0.225628,0.108798,32.098103,0
6,0.988088,-0.017706,0.152869,0.968119,0.225628,0.108798,32.120785,0
6,0.988165,-0.017352,0.152407,0.968119,0.225628,0.108798,32.143047,0
6,0.988137,-0.016666,0.152669,0.968119,0.225628,0.108798,32.164967,0
6,0.988238,-0.015073,0.152180,0.968119,0.225628,0.108798,32.197098,0
6,0.987880,-0.003773,0.155172,0.968119,0.225628,0.108798,32.230305,0
6,0.986965,0.021932,0.159435,0.968119,0.225628,0.108798,32.263657,0
6,0.985710,0.052196,0.160158,0.968119,0.225628,0.108798,32.296650,0
6,0.983805,0.087143,0.156635,0.968119,0.225628,0.108798,32.330330,0
6,0.982157,0.116393,0.147717,0.968119,0.225628,0.108798,32.364677,0
6,0.980780,0.139940,0.135965,0.968119,0.225628,0.108798,32.396282,0
6,0.979834,0.158773,0.121313,0.968119,0.225628,0.108798,32.429482,0
6,0.978528,0.174660,0.109438,0.968119,0.225628,0.108798,32.463043,0
6,0.976483,0.190084,0.101734,0.968119,0.225628,0.108798,32.495712,0
6,0.974770,0.201194,0.096670,0.968119,0.225628,0.108798,32.529179,0
6,0.972206,0.214114,0.094715,0.968119,0.225628,0.108798,32.562462,0
6,0.969721,0.226591,0.091095,0.968119,0.225628,0.108798,32.596275,0
6,0.968339,0.234454,0.085734,0.968119,0.225628,0.108798,32.628914,0
6,0.967490,0.238093,0.085288,0.968119,0.225628,0.108798,32.662514,0
6,0.967328,0.239098,0.084310,0.968119,0.225628,0.108798,32.695812,0
6,0.967356,0.238346,0.086102,0.968119,0.225628,0.108798,32.729084,0
6,0.967818,0.235560,0.088543,0.968119,0.225628,0.108798,32.762604,0
6,0.967892,0.234583,0.090314,0.968119,0.225628,0.108798,32.796455,0
6,0.967406,0.236245,0.091179,0.968119,0.225628,0.108798,32.830456,0
6,0.967125,0.237416,0.091121,0.968119,0.225628,0.108798,32.862415,0
6,0.967045,0.236972,0.093099,0.968119,0.225628,0.108798,32.895996,0
6,0.967139,0.235502,0.095820,0.968119,0.225628,0.108798,32.929691,0
6,0.967431,0.231729,0.101877,0.968119,0.225628,0.108798,32.962917,0
6,0.967705,0.228097,0.107325,0.968119,0.225628,0.108798,32.996128,0
6,0.967888,0.224596,0.112915,0.968119,0.225628,0.108798,33.029415,0
6,0.967824,0.222851,0.116851,0.968119,0.225628,0.108798,33.062332,0
6,0.968133,0.221128,0.117562,0.968119,0.225628,0.108798,33.096127,0
6,0.968472,0.220598,0.115751,0.968119,0.225628,0.108798,33.128628,0
6,0.969038,0.219142,0.113765,0.968119,0.225628,0.108798,33.162010,0
6,0.969589,0.217711,0.111802,0.968119,0.225628,0.108798,33.195267,0
6,0.969909,0.216811,0.110764,0.968119,0.225628,0.108798,33.228634,0
6,0.969960,0.216481,0.110970,0.968119,0.225628,0.108798,33.263119,0
6,0.969947,0.216668,0.110712,0.968119,0.225628,0.108798,33.296158,0
6,0.970016,0.216613,0.110217,0.968119,0.225628,0.108798,33.329113,0
6,0.969904,0.217311,0.109830,0.968119,0.225628,0.108798,33.363003,0
6,0.970001,0.217760,0.108071,0.968119,0.225628,0.108798,33.396011,0
6,0.970218,0.217013,0.107617,0.968119,0.225628,0.108798,33.429432,0
6,0.970425,0.215962,0.107865,0.968119,0.225628,0.108798,33.462112,0
6,0.970857,0.214280,0.107334,0.968119,0.225628,0.108798,33.495338,0
6,0.971079,0.213164,0.107552,0.968119,0.225628,0.108798,33.528690,0
6,0.971243,0.212536,0.107313,0.968119,0.225628,0.108798,33.562416,0
6,0.971393,0.212089,0.106833,0.968119,0.225628,0.108798,33.595348,0
6,0.971843,0.210019,0.106832,0.968119,0.225628,0.108798,33.628830,0
6,0.972080,0.208904,0.106860,0.968119,0.225628,0.108798,33.662579,0
6,0.972202,0.208581,0.106379,0.968119,0.225628,0.108798,33.695721,0
6,0.972233,0.208460,0.106337,0.968119,0.225628,0.108798,33.728676,0
6,0.972168,0.208701,0.106463,0.968119,0.225628,0.108798,33.762177,0
6,0.972135,0.208641,0.106876,0.968119,0.225628,0.108798,33.795322,0
6,0.972159,0.208420,0.107090,0.968119,0.225628,0.108798,33.828777,0
6,0.972189,0.208602,0.106457,0.968119,0.225628,0.108798,33.862686,0
6,0.972330,0.208129,0.106100,0.968119,0.225628,0.108798,33.895077,0
6,0.972345,0.208482,0.105268,0.968119,0.225628,0.108798,33.928543,0
6,0.972274,0.208955,0.104985,0.968119,0.225628,0.108798,33.962856,0
6,0.972239,0.208692,0.105828,0.968119,0.225628,0.108798,33.995998,0
6,0.972648,0.205644,0.108010,0.968119,0.225628,0.108798,34.030090,0
6,0.972714,0.205002,0.108632,0.968119,0.225628,0.108798,34.062996,0
6,0.972476,0.206285,0.108340,0.968119,0.225628,0.108798,34.097488,0
6,0.971890,0.209246,0.107921,0.968119,0.225628,0.108798,34.128357,0
6,0.970882,0.213872,0.107923,0.968119,0.225628,0.108798,34.162384,0
6,0.968830,0.222819,0.108263,0.968119,0.225628,0.108798,34.195148,0
6,0.966896,0.231034,0.108330,0.968119,0.225628,0.108798,34.228607,0
6,0.965290,0.237598,0.108453,0.968119,0.225628,0.108798,34.261822,0
6,0.964069,0.242603,0.108235,0.968119,0.225628,0.108798,34.294971,0
6,0.963325,0.245241,0.108912,0.968119,0.225628,0.108798,34.328140,0
6,0.962538,0.246593,0.112751,0.968119,0.225628,0.108798,34.361977,0
6,0.961701,0.248993,0.114600,0.968119,0.225628,0.108798,34.395081,0
6,0.960903,0.251723,0.115328,0.968119,0.225628,0.108798,34.428146,0
6,0.960610,0.253345,0.114213,0.968119,0.225628,0.108798,34.461880,0
6,0.960750,0.253095,0.113588,0.968119,0.225628,0.108798,34.494556,0
6,0.961245,0.251298,0.113392,0.968119,0.225628,0.108798,34.527752,0
6,0.961896,0.248833,0.113306,0.968119,0.225628,0.108798,34.563072,0
6,0.962646,0.245898,0.113345,0.968119,0.225628,0.108798,34.594746,0
6,0.963031,0.244100,0.113958,0.968119,0.225628,0.108798,34.627716,0
6,0.962982,0.243835,0.114939,0.968119,0.225628,0.108798,34.661747,0
6,0.963292,0.243248,0.113576,0.968119,0.225628,0.108798,34.695869,0
6,0.964222,0.241136,0.110135,0.968119,0.225628,0.108798,34.728695,0
6,0.965579,0.237929,0.105106,0.968119,0.225628,0.108798,34.763302,0
6,0.966855,0.234286,0.101498,0.968119,0.225628,0.108798,34.795597,0
6,0.967634,0.232147,0.098959,0.968119,0.225628,0.108798,34.828552,0
6,0.968071,0.231269,0.096714,0.968119,0.225628,0.108798,34.861099,0
6,0.968398,0.230820,0.094489,0.968119,0.225628,0.108798,34.894577,0
6,0.969235,0.228651,0.091119,0.968119,0.225628,0.108798,34.927284,0
6,0.970296,0.224792,0.089413,0.968119,0.225628,0.108798,34.961433,0
6,0.972155,0.217225,0.087912,0.968119,0.225628,0.108798,34.994427,0
6,0.973767,0.209453,0.088920,0.968119,0.225628,0.108798,35.027603,0
6,0.975195,0.202529,0.089313,0.968119,0.225628,0.108798,35.060780,0
6,0.975413,0.201345,0.089604,0.968119,0.225628,0.108798,35.094601,0
6,0.975668,0.200970,0.087647,0.968119,0.225628,0.108798,35.127659,0
6,0.975689,0.201674,0.085782,0.968119,0.225628,0.108798,35.161377,0
6,0.975531,0.202643,0.085293,0.968119,0.225628,0.108798,35.194290,0
6,0.975382,0.203065,0.085989,0.968119,0.225628,0.108798,35.227398,0
6,0.975232,0.202728,0.088448,0.968119,0.225628,0.108798,35.261204,0
6,0.974553,0.204852,0.091007,0.968119,0.225628,0.108798,35.293999,0
6,0.973712,0.207988,0.092873,0.968119,0.225628,0.108798,35.326996,0
6,0.972955,0.211057,0.093885,0.968119,0.225628,0.108798,35.360550,0
6,0.971989,0.215418,0.093978,0.968119,0.225628,0.108798,35.394039,0
6,0.971679,0.216206,0.095368,0.968119,0.225628,0.108798,35.427174,0
6,0.971354,0.215477,0.100205,0.968119,0.225628,0.108798,35.460514,0
6,0.971505,0.213399,0.103146,0.968119,0.225628,0.108798,35.493626,0
6,0.971524,0.213078,0.103632,0.968119,0.225628,0.108798,35.526905,0
6,0.971906,0.211513,0.103251,0.968119,0.225628,0.108798,35.560650,0
6,0.972258,0.210804,0.101374,0.968119,0.225628,0.108798,35.593933,0
6,0.973666,0.205422,0.098878,0.968119,0.225628,0.108798,35.628891,0
6,0.974160,0.203335,0.098321,0.968119,0.225628,0.108798,35.660381,0
6,0.974246,0.203663,0.096778,0.968119,0.225628,0.108798,35.693901,0
6,0.973701,0.206809,0.095588,0.968119,0.225628,0.108798,35.726860,0
6,0.972972,0.211179,0.093431,0.968119,0.225628,0.108798,35.761005,0
6,0.972691,0.213688,0.090613,0.968119,0.225628,0.108798,35.793705,0
6,0.971978,0.217149,0.090029,0.968119,0.225628,0.108798,35.826691,0
6,0.971501,0.219136,0.090357,0.968119,0.225628,0.108798,35.860573,0
6,0.971200,0.219759,0.092073,0.968119,0.225628,0.108798,35.894089,0
6,0.971208,0.218985,0.093816,0.968119,0.225628,0.108798,35.927723,0
6,0.970871,0.219552,0.095948,0.968119,0.225628,0.108798,35.962524,0
6,0.970705,0.219641,0.097418,0.968119,0.225628,0.108798,35.994431,0
6,0.970580,0.219581,0.098788,0.968119,0.225628,0.108798,36.027393,0
6,0.970509,0.219277,0.100152,0.968119,0.225628,0.108798,36.061272,0
6,0.970178,0.219481,0.102874,0.968119,0.225628,0.108798,36.094036,0
6,0.969464,0.221473,0.105304,0.968119,0.225628,0.108798,36.127182,0
6,0.969243,0.221915,0.106404,0.968119,0.225628,0.108798,36.161598,0
6,0.969105,0.221565,0.108373,0.968119,0.225628,0.108798,36.193859,0
6,0.969033,0.220932,0.110294,0.968119,0.225628,0.108798,36.227386,0
6,0.968988,0.220655,0.111239,0.968119,0.225628,0.108798,36.260574,0
6,0.968849,0.220787,0.112177,0.968119,0.225628,0.108798,36.293476,0
6,0.968444,0.221805,0.113657,0.968119,0.225628,0.108798,36.326782,0
6,0.968119,0.222545,0.114973,0.968119,0.225628,0.108798,36.360027,0
6,0.967921,0.222544,0.116633,0.968119,0.225628,0.108798,36.395256,0
6,0.968021,0.221932,0.116966,0.968119,0.225628,0.108798,36.427235,0
6,0.968284,0.220517,0.117468,0.968119,0.225628,0.108798,36.460251,0
6,0.968415,0.219493,0.118301,0.968119,0.225628,0.108798,36.493534,0
6,0.968532,0.219771,0.116817,0.968119,0.225628,0.108798,36.527031,0
6,0.968762,0.219851,0.114744,0.968119,0.225628,0.108798,36.560127,0
6,0.968592,0.221017,0.113930,0.968119,0.225628,0.108798,36.593456,0
6,0.968417,0.221878,0.113746,0.968119,0.225628,0.108798,36.626751,0
6,0.968334,0.222159,0.113905,0.968119,0.225628,0.108798,36.659790,0
6,0.968519,0.221266,0.114073,0.968119,0.225628,0.108798,36.693863,0
6,0.968712,0.220316,0.114271,0.968119,0.225628,0.108798,36.726757,0
6,0.968767,0.220315,0.113808,0.968119,0.225628,0.108798,36.761414,0
6,0.968609,0.220449,0.114887,0.968119,0.225628,0.108798,36.793453,0
6,0.968256,0.221322,0.116174,0.968119,0.225628,0.108798,36.826614,0
6,0.968097,0.221476,0.117204,0.968119,0.225628,0.108798,36.859936,0
6,0.968286,0.220859,0.116805,0.968119,0.225628,0.108798,36.893600,0
6,0.968426,0.221018,0.115337,0.968119,0.225628,0.108798,36.926830,0
6,0.968478,0.221059,0.114817,0.968119,0.225628,0.108798,36.960026,0
6,0.968289,0.221882,0.114828,0.968119,0.225628,0.108798,36.993710,0
6,0.968213,0.221237,0.116695,0.968119,0.225628,0.108798,37.026768,0
6,0.968336,0.219936,0.118130,0.968119,0.225628,0.108798,37.060490,0
6,0.968451,0.218346,0.120116,0.968119,0.225628,0.108798,37.093849,0
6,0.968340,0.216995,0.123414,0.968119,0.225628,0.108798,37.127003,0
6,0.968153,0.217075,0.124735,0.968119,0.225628,0.108798,37.160946,0
6,0.968062,0.217095,0.125401,0.968119,0.225628,0.108798,37.193981,0
6,0.968074,0.216871,0.125699,0.968119,0.225628,0.108798,37.226982,0
6,0.968057,0.217324,0.125047,0.968119,0.225628,0.108798,37.260826,0
6,0.967946,0.218193,0.124385,0.968119,0.225628,0.108798,37.293621,0
6,0.967967,0.218197,0.124219,0.968119,0.225628,0.108798,37.327225,0
7,0.974787,0.168749,0.145993,0.894244,0.432035,0.116937,40.825699,0
7,0.974667,0.168704,0.146843,0.894244,0.432035,0.116937,40.860249,0
7,0.974564,0.168668,0.147567,0.894244,0.432035,0.116937,40.892792,0
7,0.974697,0.168297,0.147115,0.894244,0.432035,0.116937,40.925304,0
7,0.974786,0.167996,0.146866,0.894244,0.432035,0.116937,40.959560,0
7,0.974589,0.167618,0.148594,0.894244,0.432035,0.116937,40.991924,0
7,0.974380,0.166976,0.150673,0.894244,0.432035,0.116937,41.025528,0
7,0.974167,0.167973,0.150943,0.894244,0.432035,0.116937,41.058727,0
7,0.974067,0.170036,0.149271,0.894244,0.432035,0.116937,41.092228,0
7,0.973847,0.173534,0.146657,0.894244,0.432035,0.116937,41.125408,0
7,0.973170,0.178869,0.144728,0.894244,0.432035,0.116937,41.147694,0
7,0.972299,0.185018,0.142838,0.894244,0.432035,0.116937,41.170757,0
7,0.970899,0.193708,0.140825,0.894244,0.432035,0.116937,41.193470,0
7,0.968506,0.206826,0.138636,0.894244,0.432035,0.116937,41.216038,0
7,0.965368,0.222892,0.135585,0.894244,0.432035,0.116937,41.238579,0
7,0.961891,0.239159,0.132544,0.894244,0.432035,0.116937,41.261948,0
7,0.958000,0.255207,0.130789,0.894244,0.432035,0.116937,41.283863,0
7,0.951090,0.281127,0.128040,0.894244,0.432035,0.116937,41.314728,0
7,0.942687,0.309244,0.125340,0.894244,0.432035,0.116937,41.347893,0
7,0.935559,0.332067,0.120256,0.894244,0.432035,0.116937,41.381409,0
7,0.928204,0.353013,0.117555,0.894244,0.432035,0.116937,41.414326,0
7,0.921849,0.368611,0.119667,0.894244,0.432035,0.116937,41.447662,0
7,0.916190,0.381087,0.123969,0.894244,0.432035,0.116937,41.480911,0
7,0.911328,0.391733,0.126597,0.894244,0.432035,0.116937,41.514381,0
7,0.908107,0.398899,0.127360,0.894244,0.432035,0.116937,41.547638,0
7,0.905605,0.404405,0.127817,0.894244,0.432035,0.116937,41.581203,0
7,0.904296,0.407919,0.125899,0.894244,0.432035,0.116937,41.614582,0
7,0.904306,0.408657,0.123409,0.894244,0.432035,0.116937,41.647228,0
7,0.903257,0.411170,0.122739,0.894244,0.432035,0.116937,41.680916,0
7,0.902625,0.413379,0.119943,0.894244,0.432035,0.116937,41.714352,0
7,0.901426,0.417046,0.116203,0.894244,0.432035,0.116937,41.747864,0
7,0.899409,0.422892,0.110569,0.894244,0.432035,0.116937,41.782173,0
7,0.895601,0.433320,0.100660,0.894244,0.432035,0.116937,41.814301,0
7,0.891229,0.444205,0.091606,0.894244,0.432035,0.116937,41.846828,0
7,0.887827,0.452668,0.082798,0.894244,0.432035,0.116937,41.880333,0
7,0.886426,0.456045,0.079197,0.894244,0.432035,0.116937,41.913742,0
7,0.886478,0.455845,0.079761,0.894244,0.432035,0.116937,41.946861,0
7,0.887960,0.452628,0.081576,0.894244,0.432035,0.116937,41.980247,0
7,0.889915,0.448236,0.084475,0.894244,0.432035,0.116937,42.013779,0
7,0.891972,0.444502,0.082483,0.894244,0.432035,0.116937,42.047150,0
7,0.894079,0.440497,0.081147,0.894244,0.432035,0.116937,42.080601,0
7,0.895857,0.436566,0.082769,0.894244,0.432035,0.116937,42.113510,0
7,0.896795,0.433818,0.086947,0.894244,0.432035,0.116937,42.146854,0
7,0.897540,0.431235,0.091969,0.894244,0.432035,0.116937,42.179943,0
7,0.898091,0.428999,0.096921,0.894244,0.432035,0.116937,42.214474,0
7,0.898111,0.428147,0.100429,0.894244,0.432035,0.116937,42.247078,0
7,0.897768,0.428217,0.103165,0.894244,0.432035,0.116937,42.280193,0
7,0.897128,0.428914,0.105803,0.894244,0.432035,0.116937,42.313911,0
7,0.896383,0.430407,0.106054,0.894244,0.432035,0.116937,42.347126,0
7,0.896472,0.430413,0.105271,0.894244,0.432035,0.116937,42.380112,0
7,0.896845,0.429115,0.107373,0.894244,0.432035,0.116937,42.413799,0
7,0.896494,0.429474,0.108861,0.894244,0.432035,0.116937,42.446545,0
7,0.896509,0.429536,0.108495,0.894244,0.432035,0.116937,42.479969,0
7,0.896211,0.430534,0.106986,0.894244,0.432035,0.116937,42.513287,0
7,0.895694,0.432236,0.104422,0.894244,0.432035,0.116937,42.546333,0
7,0.895370,0.432997,0.104048,0.894244,0.432035,0.116937,42.580055,0
7,0.895279,0.432626,0.106351,0.894244,0.432035,0.116937,42.613029,0
7,0.895667,0.431122,0.109151,0.894244,0.432035,0.116937,42.646240,0
7,0.895896,0.429849,0.112254,0.894244,0.432035,0.116937,42.679913,0
7,0.895681,0.429619,0.114820,0.894244,0.432035,0.116937,42.713169,0
7,0.895742,0.429066,0.116401,0.894244,0.432035,0.116937,42.746555,0
7,0.895690,0.429235,0.116180,0.894244,0.432035,0.116937,42.780117,0
7,0.895743,0.429295,0.115539,0.894244,0.432035,0.116937,42.813862,0
7,0.895923,0.428985,0.115299,0.894244,0.432035,0.116937,42.846333,0
7,0.896214,0.428421,0.115134,0.894244,0.432035,0.116937,42.879948,0
7,0.896414,0.427810,0.115848,0.894244,0.432035,0.116937,42.917191,0
7,0.896361,0.427879,0.116001,0.894244,0.432035,0.116937,42.945652,0
7,0.896255,0.428137,0.115869,0.894244,0.432035,0.116937,42.979565,0
7,0.895826,0.429326,0.114786,0.894244,0.432035,0.116937,43.012897,0
7,0.895500,0.430023,0.114717,0.894244,0.432035,0.116937,43.044971,0
7,0.895535,0.429746,0.115481,0.894244,0.432035,0.116937,43.078491,0
7,0.895693,0.429165,0.116413,0.894244,0.432035,0.116937,43.112053,0
7,0.895624,0.428945,0.117741,0.894244,0.432035,0.116937,43.144722,0
7,0.895795,0.428577,0.117782,0.894244,0.432035,0.116937,43.178642,0
7,0.895668,0.428992,0.117241,0.894244,0.432035,0.116937,43.212093,0
7,0.895908,0.428350,0.117753,0.894244,0.432035,0.116937,43.244858,0
7,0.895896,0.428526,0.117205,0.894244,0.432035,0.116937,43.278908,0
7,0.896474,0.427491,0.116556,0.894244,0.432035,0.116937,43.312004,0
7,0.896921,0.426176,0.117931,0.894244,0.432035,0.116937,43.345417,0
7,0.897430,0.425394,0.116873,0.894244,0.432035,0.116937,43.378731,0
7,0.897905,0.424369,0.116950,0.894244,0.432035,0.116937,43.412483,0
7,0.898106,0.423911,0.117070,0.894244,0.432035,0.116937,43.445164,0
7,0.898102,0.424002,0.116773,0.894244,0.432035,0.116937,43.478497,0
7,0.898319,0.423498,0.116930,0.894244,0.432035,0.116937,43.511711,0
7,0.898489,0.423335,0.116216,0.894244,0.432035,0.116937,43.544918,0
7,0.898066,0.424297,0.115970,0.894244,0.432035,0.116937,43.578247,0
7,0.897583,0.425146,0.116603,0.894244,0.432035,0.116937,43.611824,0
7,0.897583,0.424608,0.118542,0.894244,0.432035,0.116937,43.644711,0
7,0.897373,0.425276,0.117734,0.894244,0.432035,0.116937,43.677746,0
7,0.897277,0.425672,0.117037,0.894244,0.432035,0.116937,43.711735,0
7,0.897551,0.424816,0.118042,0.894244,0.432035,0.116937,43.744514,0
7,0.897707,0.424518,0.117928,0.894244,0.432035,0.116937,43.778679,0
7,0.898097,0.423697,0.117909,0.894244,0.432035,0.116937,43.812012,0
7,0.898976,0.421625,0.118636,0.894244,0.432035,0.116937,43.844791,0
7,0.900187,0.419109,0.118370,0.894244,0.432035,0.116937,43.878265,0
7,0.900961,0.417723,0.117376,0.894244,0.432035,0.116937,43.911720,0
7,0.901110,0.417552,0.116839,0.894244,0.432035,0.116937,43.944611,0
7,0.900700,0.418488,0.116652,0.894244,0.432035,0.116937,43.977879,0
7,0.900353,0.419233,0.116653,0.894244,0.432035,0.116937,44.011547,0
7,0.899660,0.420889,0.116034,0.894244,0.432035,0.116937,44.044544,0
7,0.899442,0.421340,0.116088,0.894244,0.432035,0.116937,44.078293,0
7,0.899196,0.421765,0.116448,0.894244,0.432035,0.116937,44.112194,0
7,0.899079,0.422405,0.115028,0.894244,0.432035,0.116937,44.144775,0
7,0.898823,0.423283,0.113789,0.894244,0.432035,0.116937,44.178497,0
7,0.899097,0.422801,0.113421,0.894244,0.432035,0.116937,44.212418,0
7,0.899221,0.422394,0.113956,0.894244,0.432035,0.116937,44.245987,0
7,0.899382,0.422170,0.113506,0.894244,0.432035,0.116937,44.279434,0
7,0.899189,0.422515,0.113758,0.894244,0.432035,0.116937,44.312824,0
7,0.898650,0.423410,0.114681,0.894244,0.432035,0.116937,44.346527,0
7,0.897908,0.424866,0.115104,0.894244,0.432035,0.116937,44.379940,0
8,0.924621,0.358458,0.128775,0.956321,-0.255963,0.141187,47.976994,0
8,0.924727,0.357683,0.130164,0.956321,-0.255963,0.141187,48.011726,0
8,0.924708,0.357637,0.130427,0.956321,-0.255963,0.141187,48.044468,0
8,0.924569,0.357710,0.131205,0.956321,-0.255963,0.141187,48.077412,0
8,0.924160,0.358454,0.132060,0.956321,-0.255963,0.141187,48.110947,0
8,0.924005,0.358544,0.132896,0.956321,-0.255963,0.141187,48.144108,0
8,0.923800,0.358582,0.134209,0.956321,-0.255963,0.141187,48.176517,0
8,0.924096,0.357261,0.135688,0.956321,-0.255963,0.141187,48.210152,0
8,0.925032,0.354733,0.135939,0.956321,-0.255963,0.141187,48.243332,0
8,0.927036,0.349911,0.134787,0.956321,-0.255963,0.141187,48.276966,0
8,0.931255,0.338988,0.133610,0.956321,-0.255963,0.141187,48.310421,0
8,0.939351,0.317141,0.130545,0.956321,-0.255963,0.141187,48.343407,0
8,0.950389,0.283572,0.127857,0.956321,-0.255963,0.141187,48.376778,0
8,0.963726,0.236996,0.122743,0.956321,-0.255963,0.141187,48.410679,0
8,0.977118,0.178507,0.115653,0.956321,-0.255963,0.141187,48.444607,0
8,0.986974,0.117735,0.109636,0.956321,-0.255963,0.141187,48.477283,0
8,0.992727,0.058670,0.105120,0.956321,-0.255963,0.141187,48.511852,0
8,0.994920,0.005854,0.100500,0.956321,-0.255963,0.141187,48.544048,0
8,0.994226,-0.035469,0.101278,0.956321,-0.255963,0.141187,48.576965,0
8,0.991893,-0.074251,0.103131,0.956321,-0.255963,0.141187,48.611332,0
8,0.988792,-0.102846,0.108223,0.956321,-0.255963,0.141187,48.644188,0
8,0.985166,-0.127737,0.114589,0.956321,-0.255963,0.141187,48.677288,0
8,0.980749,-0.150003,0.125024,0.956321,-0.255963,0.141187,48.710850,0
8,0.976998,-0.166357,0.133420,0.956321,-0.255963,0.141187,48.743607,0
8,0.973125,-0.181958,0.141138,0.956321,-0.255963,0.141187,48.776844,0
8,0.970009,-0.191510,0.149688,0.956321,-0.255963,0.141187,48.810074,0
8,0.967349,-0.200078,0.155578,0.956321,-0.255963,0.141187,48.843502,0
8,0.965905,-0.205700,0.157213,0.956321,-0.255963,0.141187,48.876759,0
8,0.965746,-0.209045,0.153733,0.956321,-0.255963,0.141187,48.910545,0
8,0.966196,-0.213116,0.145072,0.956321,-0.255963,0.141187,48.943420,0
8,0.966790,-0.215585,0.137257,0.956321,-0.255963,0.141187,48.976795,0
8,0.965971,-0.220022,0.135980,0.956321,-0.255963,0.141187,49.010220,0
8,0.966103,-0.219641,0.135658,0.956321,-0.255963,0.141187,49.043278,0
8,0.966750,-0.215997,0.136895,0.956321,-0.255963,0.141187,49.076206,0
8,0.966460,-0.217036,0.137294,0.956321,-0.255963,0.141187,49.110180,0
8,0.966317,-0.220100,0.133367,0.956321,-0.255963,0.141187,49.143330,0
8,0.966299,-0.222843,0.128873,0.956321,-0.255963,0.141187,49.176468,0
8,0.965636,-0.227716,0.125266,0.956321,-0.255963,0.141187,49.210377,0
8,0.964570,-0.231771,0.126041,0.956321,-0.255963,0.141187,49.243099,0
8,0.962688,-0.236403,0.131702,0.956321,-0.255963,0.141187,49.276371,0
8,0.960344,-0.240924,0.140337,0.956321,-0.255963,0.141187,49.310116,0
8,0.959097,-0.244307,0.142994,0.956321,-0.255963,0.141187,49.343967,0
8,0.958337,-0.247145,0.143214,0.956321,-0.255963,0.141187,49.377846,0
8,0.958361,-0.247273,0.142832,0.956321,-0.255963,0.141187,49.410233,0
8,0.958291,-0.249512,0.139363,0.956321,-0.255963,0.141187,49.443142,0
8,0.958484,-0.249506,0.138038,0.956321,-0.255963,0.141187,49.476467,0
8,0.958495,-0.249929,0.137200,0.956321,-0.255963,0.141187,49.510479,0
8,0.957921,-0.252207,0.137035,0.956321,-0.255963,0.141187,49.543152,0
8,0.957619,-0.253013,0.137659,0.956321,-0.255963,0.141187,49.576168,0
8,0.957619,-0.252814,0.138025,0.956321,-0.255963,0.141187,49.609867,0
8,0.957940,-0.251610,0.137997,0.956321,-0.255963,0.141187,49.643681,0
8,0.958570,-0.248693,0.138910,0.956321,-0.255963,0.141187,49.676769,0
8,0.958867,-0.245943,0.141727,0.956321,-0.255963,0.141187,49.710220,0
8,0.959051,-0.244187,0.143508,0.956321,-0.255963,0.141187,49.743252,0
8,0.959382,-0.242673,0.143860,0.956321,-0.255963,0.141187,49.776520,0
8,0.959601,-0.242257,0.143101,0.956321,-0.255963,0.141187,49.810162,0
8,0.959540,-0.243530,0.141336,0.956321,-0.255963,0.141187,49.833015,0
8,0.959508,-0.244632,0.139638,0.956321,-0.255963,0.141187,49.855522,0
8,0.959520,-0.245416,0.138178,0.956321,-0.255963,0.141187,49.877708,0
8,0.959463,-0.246738,0.136200,0.956321,-0.255963,0.141187,49.900940,0
8,0.959386,-0.248199,0.134072,0.956321,-0.255963,0.141187,49.924114,0
8,0.959342,-0.248858,0.133162,0.956321,-0.255963,0.141187,49.947411,0
8,0.959486,-0.249403,0.131090,0.956321,-0.255963,0.141187,49.969978,0
8,0.959501,-0.250435,0.129000,0.956321,-0.255963,0.141187,49.992229,0
9,0.973337,0.165785,0.158525,0.934398,0.334910,0.121391,53.464298,0
9,0.973349,0.165416,0.158839,0.934398,0.334910,0.121391,53.497646,0
9,0.973281,0.165935,0.158712,0.934398,0.334910,0.121391,53.532806,0
9,0.973294,0.165614,0.158966,0.934398,0.334910,0.121391,53.564423,0
9,0.973175,0.166519,0.158749,0.934398,0.334910,0.121391,53.596764,0
9,0.973164,0.166611,0.158725,0.934398,0.334910,0.121391,53.630619,0
9,0.973148,0.166640,0.158789,0.934398,0.334910,0.121391,53.662579,0
9,0.973230,0.166056,0.158900,0.934398,0.334910,0.121391,53.696716,0
9,0.973410,0.164777,0.159127,0.934398,0.334910,0.121391,53.730030,0
9,0.973558,0.163839,0.159193,0.934398,0.334910,0.121391,53.763042,0
9,0.972894,0.167031,0.159930,0.934398,0.334910,0.121391,53.795864,0
9,0.970790,0.176938,0.162048,0.934398,0.334910,0.121391,53.829136,0
9,0.967165,0.194626,0.163443,0.934398,0.334910,0.121391,53.862247,0
9,0.962180,0.217739,0.163706,0.934398,0.334910,0.121391,53.895931,0
9,0.957189,0.240959,0.160401,0.934398,0.334910,0.121391,53.929268,0
9,0.953348,0.259910,0.153543,0.934398,0.334910,0.121391,53.964226,0
9,0.950791,0.273047,0.146428,0.934398,0.334910,0.121391,53.995918,0
9,0.949662,0.281714,0.137037,0.934398,0.334910,0.121391,54.029194,0
9,0.948576,0.288485,0.130308,0.934398,0.334910,0.121391,54.062416,0
9,0.946742,0.296446,0.125695,0.934398,0.334910,0.121391,54.095909,0
9,0.944881,0.304825,0.119511,0.934398,0.334910,0.121391,54.129105,0
9,0.942956,0.313387,0.112351,0.934398,0.334910,0.121391,54.163208,0
9,0.941010,0.319762,0.110686,0.934398,0.334910,0.121391,54.195946,0
9,0.938975,0.325539,0.111131,0.934398,0.334910,0.121391,54.229527,0
9,0.937778,0.328557,0.112351,0.934398,0.334910,0.121391,54.262569,0
9,0.937269,0.328825,0.115763,0.934398,0.334910,0.121391,54.295872,0
9,0.936677,0.329886,0.117524,0.934398,0.334910,0.121391,54.332325,0
9,0.936615,0.329876,0.118044,0.934398,0.334910,0.121391,54.363590,0
9,0.936947,0.329011,0.117822,0.934398,0.334910,0.121391,54.398430,0
9,0.937569,0.327808,0.116220,0.934398,0.334910,0.121391,54.430634,0
9,0.937405,0.328618,0.115251,0.934398,0.334910,0.121391,54.463612,0
9,0.937279,0.329057,0.115024,0.934398,0.334910,0.121391,54.495750,0
9,0.937271,0.328419,0.116892,0.934398,0.334910,0.121391,54.528645,0
9,0.937281,0.328012,0.117955,0.934398,0.334910,0.121391,54.562157,0
9,0.937320,0.327269,0.119692,0.934398,0.334910,0.121391,54.594532,0
9,0.937017,0.327758,0.120725,0.934398,0.334910,0.121391,54.627911,0
9,0.936645,0.328458,0.121706,0.934398,0.334910,0.121391,54.661591,0
9,0.936067,0.329685,0.122830,0.934398,0.334910,0.121391,54.694828,0
9,0.935577,0.330867,0.123382,0.934398,0.334910,0.121391,54.727982,0
9,0.935323,0.331507,0.123592,0.934398,0.334910,0.121391,54.761944,0
9,0.935051,0.332318,0.123469,0.934398,0.334910,0.121391,54.795338,0
9,0.935334,0.331563,0.123355,0.934398,0.334910,0.121391,54.828327,0
9,0.935856,0.330076,0.123382,0.934398,0.334910,0.121391,54.861740,0
9,0.936539,0.328177,0.123269,0.934398,0.334910,0.121391,54.896160,0
9,0.937090,0.326557,0.123385,0.934398,0.334910,0.121391,54.931000,0
9,0.937051,0.326571,0.123637,0.934398,0.334910,0.121391,54.961834,0
9,0.937056,0.326385,0.124092,0.934398,0.334910,0.121391,54.994934,0
9,0.936908,0.326710,0.124352,0.934398,0.334910,0.121391,55.027969,0
9,0.936965,0.326856,0.123540,0.934398,0.334910,0.121391,55.061691,0
9,0.937263,0.325809,0.124041,0.934398,0.334910,0.121391,55.094730,0
9,0.937592,0.324890,0.123965,0.934398,0.334910,0.121391,55.128799,0
9,0.937894,0.324016,0.123972,0.934398,0.334910,0.121391,55.162258,0
9,0.938048,0.323263,0.124770,0.934398,0.334910,0.121391,55.195641,0
9,0.938257,0.322699,0.124656,0.934398,0.334910,0.121391,55.228165,0
9,0.938336,0.322694,0.124072,0.934398,0.334910,0.121391,55.261219,0
9,0.938330,0.322992,0.123341,0.934398,0.334910,0.121391,55.294445,0
9,0.938399,0.322921,0.123001,0.934398,0.334910,0.121391,55.327850,0
9,0.938029,0.323945,0.123128,0.934398,0.334910,0.121391,55.361813,0
9,0.937596,0.324835,0.124078,0.934398,0.334910,0.121391,55.394981,0
9,0.937309,0.325312,0.124998,0.934398,0.334910,0.121391,55.427738,0
9,0.937338,0.325129,0.125253,0.934398,0.334910,0.121391,55.462341,0
9,0.937240,0.325411,0.125257,0.934398,0.334910,0.121391,55.494843,0
9,0.937354,0.325032,0.125383,0.934398,0.334910,0.121391,55.528088,0
9,0.937776,0.323789,0.125448,0.934398,0.334910,0.121391,55.561073,0
9,0.938150,0.322646,0.125596,0.934398,0.334910,0.121391,55.594372,0
9,0.938317,0.321971,0.126078,0.934398,0.334910,0.121391,55.628036,0
9,0.938621,0.321127,0.125970,0.934398,0.334910,0.121391,55.661163,0
9,0.939384,0.319195,0.125188,0.934398,0.334910,0.121391,55.694744,0
9,0.939653,0.318212,0.125673,0.934398,0.334910,0.121391,55.727890,0
9,0.939888,0.317417,0.125925,0.934398,0.334910,0.121391,55.761189,0
9,0.939895,0.317683,0.125199,0.934398,0.334910,0.121391,55.794117,0
9,0.939894,0.317603,0.125411,0.934398,0.334910,0.121391,55.827503,0
9,0.939778,0.317755,0.125892,0.934398,0.334910,0.121391,55.861141,0
9,0.939742,0.317839,0.125947,0.934398,0.334910,0.121391,55.894230,0
9,0.939910,0.317493,0.125570,0.934398,0.334910,0.121391,55.927486,0
9,0.940110,0.317256,0.124668,0.934398,0.334910,0.121391,55.961437,0
9,0.940385,0.316622,0.124207,0.934398,0.334910,0.121391,55.994194,0
9,0.940361,0.317130,0.123087,0.934398,0.334910,0.121391,56.027870,0
9,0.940394,0.317483,0.121917,0.934398,0.334910,0.121391,56.061417,0
9,0.940390,0.317690,0.121408,0.934398,0.334910,0.121391,56.094822,0
9,0.939981,0.319556,0.119664,0.934398,0.334910,0.121391,56.128220,0
9,0.939615,0.321488,0.117337,0.934398,0.334910,0.121391,56.163540,0
9,0.938756,0.324515,0.115878,0.934398,0.334910,0.121391,56.196075,0
9,0.937883,0.327561,0.114363,0.934398,0.334910,0.121391,56.229210,0
9,0.937007,0.330012,0.114496,0.934398,0.334910,0.121391,56.263115,0
9,0.936319,0.331827,0.114878,0.934398,0.334910,0.121391,56.295547,0
9,0.936214,0.332126,0.114872,0.934398,0.334910,0.121391,56.329559,0
9,0.936307,0.332048,0.114336,0.934398,0.334910,0.121391,56.363354,0
9,0.936602,0.331374,0.113874,0.934398,0.334910,0.121391,56.395882,0
9,0.936695,0.331151,0.113766,0.934398,0.334910,0.121391,56.429161,0
9,0.936814,0.330778,0.113861,0.934398,0.334910,0.121391,56.462502,0
9,0.936472,0.331600,0.114285,0.934398,0.334910,0.121391,56.495232,0
9,0.936511,0.331480,0.114313,0.934398,0.334910,0.121391,56.528461,0
9,0.936452,0.331724,0.114087,0.934398,0.334910,0.121391,56.562183,0
9,0.936459,0.332008,0.113199,0.934398,0.334910,0.121391,56.595192,0
9,0.936841,0.331122,0.112641,0.934398,0.334910,0.121391,56.628975,0
9,0.936822,0.331314,0.112228,0.934398,0.334910,0.121391,56.662418,0
9,0.936647,0.331672,0.112636,0.934398,0.334910,0.121391,56.695442,0
9,0.936278,0.332223,0.114066,0.934398,0.334910,0.121391,56.728580,0
9,0.936191,0.332421,0.114206,0.934398,0.334910,0.121391,56.762798,0
9,0.936051,0.333115,0.113324,0.934398,0.334910,0.121391,56.795231,0
9,0.935968,0.333867,0.111791,0.934398,0.334910,0.121391,56.828640,0
9,0.936343,0.332780,0.111888,0.934398,0.334910,0.121391,56.862072,0
9,0.937348,0.329586,0.112921,0.934398,0.334910,0.121391,56.896313,0
9,0.938037,0.327668,0.112785,0.934398,0.334910,0.121391,56.928886,0
9,0.937973,0.327808,0.112908,0.934398,0.334910,0.121391,56.963348,0
9,0.937495,0.329023,0.113343,0.934398,0.334910,0.121391,56.996738,0
9,0.936803,0.330701,0.114178,0.934398,0.334910,0.121391,57.029438,0
9,0.935709,0.333513,0.114966,0.934398,0.334910,0.121391,57.062286,0
9,0.934794,0.335627,0.116250,0.934398,0.334910,0.121391,57.095184,0
10,0.947196,0.297177,0.120437,0.980240,-0.160744,0.115290,60.560661,0
10,0.947381,0.297020,0.119369,0.980240,-0.160744,0.115290,60.594742,0
10,0.947794,0.296289,0.117893,0.980240,-0.160744,0.115290,60.627823,0
10,0.948257,0.295052,0.117272,0.980240,-0.160744,0.115290,60.661453,0
10,0.948607,0.293966,0.117172,0.980240,-0.160744,0.115290,60.694893,0
10,0.948757,0.293269,0.117702,0.980240,-0.160744,0.115290,60.727345,0
10,0.948727,0.293162,0.118208,0.980240,-0.160744,0.115290,60.761364,0
10,0.948682,0.293249,0.118350,0.980240,-0.160744,0.115290,60.794453,0
10,0.948978,0.292464,0.117923,0.980240,-0.160744,0.115290,60.827805,0
10,0.949243,0.291957,0.117043,0.980240,-0.160744,0.115290,60.862198,0
10,0.949744,0.290734,0.116019,0.980240,-0.160744,0.115290,60.895069,0
10,0.950397,0.288815,0.115459,0.980240,-0.160744,0.115290,60.927921,0
10,0.951617,0.284978,0.114949,0.980240,-0.160744,0.115290,60.961658,0
10,0.956065,0.269791,0.114686,0.980240,-0.160744,0.115290,60.993965,0
10,0.963972,0.238897,0.116989,0.980240,-0.160744,0.115290,61.027031,0
10,0.974015,0.194611,0.115852,0.980240,-0.160744,0.115290,61.062176,0
10,0.984429,0.137724,0.109236,0.980240,-0.160744,0.115290,61.094604,0
10,0.991143,0.084151,0.102737,0.980240,-0.160744,0.115290,61.126831,0
10,0.994180,0.038197,0.100733,0.980240,-0.160744,0.115290,61.160458,0
10,0.994881,-0.007054,0.100808,0.980240,-0.160744,0.115290,61.199680,0
10,0.993838,-0.045038,0.101280,0.980240,-0.160744,0.115290,61.233025,0
10,0.991247,-0.081818,0.103609,0.980240,-0.160744,0.115290,61.269032,0
10,0.987901,-0.110038,0.109281,0.980240,-0.160744,0.115290,61.300774,0
10,0.983855,-0.136274,0.116010,0.980240,-0.160744,0.115290,61.333042,0
10,0.979893,-0.157875,0.122006,0.980240,-0.160744,0.115290,61.368641,0
10,0.976159,-0.175515,0.127701,0.980240,-0.160744,0.115290,61.403652,0
10,0.973307,-0.189093,0.130066,0.980240,-0.160744,0.115290,61.434711,0
10,0.971157,-0.199004,0.131345,0.980240,-0.160744,0.115290,61.468048,0
10,0.969430,-0.207298,0.131273,0.980240,-0.160744,0.115290,61.503811,0
10,0.969283,-0.209324,0.129128,0.980240,-0.160744,0.115290,61.537350,0
10,0.969712,-0.208939,0.126501,0.980240,-0.160744,0.115290,61.572876,0
10,0.970896,-0.204914,0.123982,0.980240,-0.160744,0.115290,61.608364,0
10,0.972542,-0.199112,0.120488,0.980240,-0.160744,0.115290,61.644630,0
10,0.974119,-0.192812,0.117969,0.980240,-0.160744,0.115290,61.678997,0
10,0.976014,-0.184422,0.115694,0.980240,-0.160744,0.115290,61.713390,0
10,0.977722,-0.175615,0.114974,0.980240,-0.160744,0.115290,61.748676,0
10,0.978522,-0.169416,0.117439,0.980240,-0.160744,0.115290,61.782505,0
10,0.979278,-0.163623,0.119345,0.980240,-0.160744,0.115290,61.813499,0
10,0.979680,-0.161544,0.118874,0.980240,-0.160744,0.115290,61.845589,0
10,0.980322,-0.159614,0.116152,0.980240,-0.160744,0.115290,61.877979,0
10,0.980904,-0.157871,0.113594,0.980240,-0.160744,0.115290,61.911530,0
10,0.981248,-0.156222,0.112906,0.980240,-0.160744,0.115290,61.946373,0
10,0.981595,-0.153302,0.113881,0.980240,-0.160744,0.115290,61.980362,0
10,0.981868,-0.151329,0.114172,0.980240,-0.160744,0.115290,62.012596,0
10,0.981829,-0.150619,0.115438,0.980240,-0.160744,0.115290,62.044727,0
10,0.981675,-0.151882,0.115087,0.980240,-0.160744,0.115290,62.078636,0
10,0.981880,-0.151364,0.114022,0.980240,-0.160744,0.115290,62.112427,0
10,0.982211,-0.148882,0.114439,0.980240,-0.160744,0.115290,62.143574,0
10,0.982288,-0.147081,0.116096,0.980240,-0.160744,0.115290,62.176243,0
10,0.982105,-0.146327,0.118569,0.980240,-0.160744,0.115290,62.205078,0
10,0.982241,-0.144773,0.119345,0.980240,-0.160744,0.115290,62.233475,0
10,0.982822,-0.142264,0.117570,0.980240,-0.160744,0.115290,62.263126,0
10,0.983048,-0.141474,0.116627,0.980240,-0.160744,0.115290,62.291668,0
10,0.983355,-0.139874,0.115967,0.980240,-0.160744,0.115290,62.320953,0
10,0.983541,-0.138449,0.116099,0.980240,-0.160744,0.115290,62.350300,0
10,0.983475,-0.138196,0.116959,0.980240,-0.160744,0.115290,62.378609,0
10,0.983501,-0.138411,0.116485,0.980240,-0.160744,0.115290,62.409519,0
10,0.983679,-0.139144,0.114079,0.980240,-0.160744,0.115290,62.440449,0
10,0.983808,-0.139266,0.112815,0.980240,-0.160744,0.115290,62.469322,0
10,0.983954,-0.139276,0.111522,0.980240,-0.160744,0.115290,62.498398,0
10,0.983918,-0.140082,0.110828,0.980240,-0.160744,0.115290,62.526192,0
10,0.983953,-0.139985,0.110642,0.980240,-0.160744,0.115290,62.552105,0
10,0.984029,-0.139711,0.110310,0.980240,-0.160744,0.115290,62.578487,0
10,0.984042,-0.139582,0.110351,0.980240,-0.160744,0.115290,62.605972,0
10,0.984073,-0.139184,0.110581,0.980240,-0.160744,0.115290,62.635960,0
10,0.984123,-0.138471,0.111035,0.980240,-0.160744,0.115290,62.669823,0
10,0.983983,-0.139020,0.111582,0.980240,-0.160744,0.115290,62.704857,0
10,0.982909,-0.144962,0.113469,0.980240,-0.160744,0.115290,62.736309,0
10,0.982071,-0.149944,0.114255,0.980240,-0.160744,0.115290,62.769344,0
10,0.980684,-0.157726,0.115674,0.980240,-0.160744,0.115290,62.801155,0
10,0.979957,-0.160846,0.117527,0.980240,-0.160744,0.115290,62.832493,0
10,0.978572,-0.166178,0.121581,0.980240,-0.160744,0.115290,62.863937,0
10,0.978364,-0.166126,0.123314,0.980240,-0.160744,0.115290,62.894634,0
10,0.978188,-0.165278,0.125820,0.980240,-0.160744,0.115290,62.924854,0
10,0.978391,-0.163164,0.126995,0.980240,-0.160744,0.115290,62.954906,0
10,0.978955,-0.159516,0.127283,0.980240,-0.160744,0.115290,62.983368,0
10,0.978955,-0.159516,0.127283,0.980240,-0.160744,0.115290,63.013500,0
10,0.979226,-0.156883,0.128467,0.980240,-0.160744,0.115290,63.042690,0
10,0.979531,-0.154401,0.129145,0.980240,-0.160744,0.115290,63.070667,0
10,0.979588,-0.154074,0.129106,0.980240,-0.160744,0.115290,63.099304,0
10,0.979744,-0.153714,0.128349,0.980240,-0.160744,0.115290,63.128040,0
10,0.980012,-0.152937,0.127230,0.980240,-0.160744,0.115290,63.158779,0
10,0.980099,-0.153386,0.126010,0.980240,-0.160744,0.115290,63.193108,0
10,0.980011,-0.154218,0.125677,0.980240,-0.160744,0.115290,63.227242,0
10,0.979797,-0.154577,0.126899,0.980240,-0.160744,0.115290,63.261963,0
10,0.979338,-0.156703,0.127830,0.980240,-0.160744,0.115290,63.295486,0
10,0.979090,-0.157340,0.128946,0.980240,-0.160744,0.115290,63.326229,0
10,0.978779,-0.158124,0.130341,0.980240,-0.160744,0.115290,63.359703,0
10,0.978568,-0.158393,0.131592,0.980240,-0.160744,0.115290,63.392857,0
10,0.978681,-0.157861,0.131389,0.980240,-0.160744,0.115290,63.425320,0
10,0.979172,-0.155448,0.130609,0.980240,-0.160744,0.115290,63.458717,0
10,0.979661,-0.153251,0.129533,0.980240,-0.160744,0.115290,63.491592,0
10,0.979958,-0.151861,0.128921,0.980240,-0.160744,0.115290,63.524883,0
10,0.979876,-0.151730,0.129693,0.980240,-0.160744,0.115290,63.557842,0
10,0.979725,-0.152338,0.130123,0.980240,-0.160744,0.115290,63.591682,0
10,0.979745,-0.152156,0.130186,0.980240,-0.160744,0.115290,63.625179,0
10,0.979744,-0.151915,0.130471,0.980240,-0.160744,0.115290,63.659660,0
10,0.979766,-0.151669,0.130598,0.980240,-0.160744,0.115290,63.696751,0
10,0.979875,-0.150947,0.130614,0.980240,-0.160744,0.115290,63.729290,0
10,0.979775,-0.150801,0.131530,0.980240,-0.160744,0.115290,63.759499,0
10,0.979807,-0.150953,0.131120,0.980240,-0.160744,0.115290,63.792198,0
10,0.979833,-0.150635,0.131288,0.980240,-0.160744,0.115290,63.824650,0
10,0.980101,-0.150060,0.129941,0.980240,-0.160744,0.115290,63.857876,0
10,0.980663,-0.148638,0.127308,0.980240,-0.160744,0.115290,63.890892,0
10,0.980989,-0.147935,0.125606,0.980240,-0.160744,0.115290,63.924637,0
10,0.981125,-0.146731,0.125952,0.980240,-0.160744,0.115290,63.957687,0
10,0.981390,-0.144364,0.126624,0.980240,-0.160744,0.115290,63.991795,0
10,0.981925,-0.141583,0.125608,0.980240,-0.160744,0.115290,64.025215,0
10,0.982548,-0.139042,0.123556,0.980240,-0.160744,0.115290,64.058571,0
10,0.983367,-0.137005,0.119243,0.980240,-0.160744,0.115290,64.091354,0
10,0.984194,-0.135903,0.113542,0.980240,-0.160744,0.115290,64.124290,0
10,0.984202,-0.136344,0.112944,0.980240,-0.160744,0.115290,64.158012,0
10,0.983795,-0.138409,0.113975,0.980240,-0.160744,0.115290,64.191292,0
10,0.983481,-0.140599,0.114002,0.980240,-0.160744,0.115290,64.224548,0
10,0.983551,-0.141402,0.112396,0.980240,-0.160744,0.115290,64.258652,0
10,0.984008,-0.140342,0.109695,0.980240,-0.160744,0.115290,64.292763,0
10,0.985716,-0.129626,0.107526,0.980240,-0.160744,0.115290,64.325089,0
