1,0.997023,0.075235,-0.016888,0.870735,0.473959,0.131083,3.497611,0
1,0.997070,0.074667,-0.016620,0.870735,0.473959,0.131083,3.532553,0
1,0.997051,0.074990,-0.016322,0.870735,0.473959,0.131083,3.564856,0
1,0.997061,0.074877,-0.016196,0.870735,0.473959,0.131083,3.597944,0
1,0.997098,0.074492,-0.015675,0.870735,0.473959,0.131083,3.631975,0
1,0.997081,0.074572,-0.016382,0.870735,0.473959,0.131083,3.665130,0
1,0.997097,0.074392,-0.016238,0.870735,0.473959,0.131083,3.697686,0
1,0.997102,0.074287,-0.016426,0.870735,0.473959,0.131083,3.731475,0
1,0.997152,0.073495,-0.016911,0.870735,0.473959,0.131083,3.764522,0
1,0.997199,0.072912,-0.016679,0.870735,0.473959,0.131083,3.797945,0
1,0.997143,0.073801,-0.016098,0.870735,0.473959,0.131083,3.831140,0
1,0.996476,0.083171,-0.010824,0.870735,0.473959,0.131083,3.864643,0
1,0.994579,0.103926,-0.003520,0.870735,0.473959,0.131083,3.897798,0
1,0.990974,0.134016,0.003087,0.870735,0.473959,0.131083,3.932186,0
1,0.983149,0.182469,0.011062,0.870735,0.473959,0.131083,3.965353,0
1,0.970823,0.238909,0.020647,0.870735,0.473959,0.131083,3.998957,0
1,0.953829,0.298686,0.031578,0.870735,0.473959,0.131083,4.031979,0
1,0.932054,0.359801,0.042650,0.870735,0.473959,0.131083,4.064578,0
1,0.904711,0.422921,0.051343,0.870735,0.473959,0.131083,4.098300,0
1,0.874263,0.482422,0.054161,0.870735,0.473959,0.131083,4.131565,0
1,0.841277,0.537957,0.053429,0.870735,0.473959,0.131083,4.165000,0
1,0.806049,0.589666,0.050784,0.870735,0.473959,0.131083,4.197606,0
1,0.772653,0.633354,0.043238,0.870735,0.473959,0.131083,4.232361,0
1,0.742160,0.669126,0.038326,0.870735,0.473959,0.131083,4.265821,0
1,0.719452,0.693591,0.036341,0.870735,0.473959,0.131083,4.298072,0
1,0.702050,0.711133,0.037611,0.870735,0.473959,0.131083,4.331254,0
1,0.688825,0.723671,0.042664,0.870735,0.473959,0.131083,4.364442,0
1,0.681477,0.729826,0.054249,0.870735,0.473959,0.131083,4.397116,0
1,0.675235,0.734597,0.066514,0.870735,0.473959,0.131083,4.430886,0
1,0.671865,0.736419,0.079272,0.870735,0.473959,0.131083,4.464314,0
1,0.669561,0.736412,0.096880,0.870735,0.473959,0.131083,4.497347,0
1,0.663136,0.740293,0.110530,0.870735,0.473959,0.131083,4.530635,0
1,0.657673,0.744480,0.114964,0.870735,0.473959,0.131083,4.563937,0
1,0.650462,0.750124,0.119220,0.870735,0.473959,0.131083,4.597428,0
1,0.640639,0.758643,0.118496,0.870735,0.473959,0.131083,4.630315,0
1,0.632439,0.766391,0.112544,0.870735,0.473959,0.131083,4.664053,0
1,0.624119,0.774014,0.106666,0.870735,0.473959,0.131083,4.697536,0
1,0.618971,0.778970,0.100401,0.870735,0.473959,0.131083,4.730626,0
1,0.616972,0.780873,0.097890,0.870735,0.473959,0.131083,4.764461,0
1,0.621737,0.777730,0.092619,0.870735,0.473959,0.131083,4.797059,0
1,0.634023,0.768534,0.085855,0.870735,0.473959,0.131083,4.830365,0
1,0.654660,0.751390,0.082658,0.870735,0.473959,0.131083,4.863770,0
1,0.677840,0.731144,0.077210,0.870735,0.473959,0.131083,4.897144,0
1,0.706510,0.704275,0.069570,0.870735,0.473959,0.131083,4.931385,0
1,0.727045,0.683685,0.063088,0.870735,0.473959,0.131083,4.963523,0
1,0.752130,0.656900,0.052758,0.870735,0.473959,0.131083,4.997020,0
1,0.768509,0.637564,0.053904,0.870735,0.473959,0.131083,5.030230,0
1,0.781910,0.621027,0.054243,0.870735,0.473959,0.131083,5.063808,0
1,0.793107,0.606534,0.055658,0.870735,0.473959,0.131083,5.097017,0
1,0.797143,0.601064,0.057321,0.870735,0.473959,0.131083,5.130074,0
1,0.806115,0.588918,0.057923,0.870735,0.473959,0.131083,5.164140,0
1,0.809450,0.584319,0.057977,0.870735,0.473959,0.131083,5.197331,0
1,0.813933,0.578222,0.056326,0.870735,0.473959,0.131083,5.229987,0
1,0.816710,0.574202,0.057242,0.870735,0.473959,0.131083,5.263856,0
1,0.815642,0.575562,0.058793,0.870735,0.473959,0.131083,5.297212,0
1,0.815626,0.575507,0.059545,0.870735,0.473959,0.131083,5.330812,0
1,0.815878,0.575268,0.058395,0.870735,0.473959,0.131083,5.363682,0
1,0.817171,0.573554,0.057161,0.870735,0.473959,0.131083,5.396952,0
1,0.816259,0.574718,0.058477,0.870735,0.473959,0.131083,5.430661,0
1,0.815592,0.575570,0.059409,0.870735,0.473959,0.131083,5.464015,0
1,0.813718,0.578002,0.061446,0.870735,0.473959,0.131083,5.498135,0
1,0.809815,0.582957,0.066041,0.870735,0.473959,0.131083,5.530515,0
1,0.806405,0.587158,0.070397,0.870735,0.473959,0.131083,5.564255,0
1,0.799829,0.594877,0.079970,0.870735,0.473959,0.131083,5.597303,0
1,0.794273,0.601182,0.087806,0.870735,0.473959,0.131083,5.630685,0
1,0.790751,0.604090,0.098938,0.870735,0.473959,0.131083,5.663921,0
1,0.787861,0.605884,0.110362,0.870735,0.473959,0.131083,5.697205,0
1,0.787273,0.605437,0.116822,0.870735,0.473959,0.131083,5.730730,0
1,0.788072,0.602679,0.125382,0.870735,0.473959,0.131083,5.764581,0
1,0.788606,0.599493,0.136782,0.870735,0.473959,0.131083,5.797089,0
1,0.789561,0.596905,0.142473,0.870735,0.473959,0.131083,5.830727,0
2,0.857447,0.494056,0.143850,0.896273,0.429574,0.110274,9.161241,0
2,0.857775,0.493404,0.144133,0.896273,0.429574,0.110274,9.195827,0
2,0.858367,0.492325,0.144300,0.896273,0.429574,0.110274,9.228202,0
2,0.858939,0.491056,0.145220,0.896273,0.429574,0.110274,9.261896,0
2,0.859307,0.490285,0.145645,0.896273,0.429574,0.110274,9.294725,0
2,0.859752,0.489594,0.145339,0.896273,0.429574,0.110274,9.330807,0
2,0.859886,0.489357,0.145350,0.896273,0.429574,0.110274,9.361436,0
2,0.860095,0.488930,0.145547,0.896273,0.429574,0.110274,9.394490,0
2,0.860366,0.488484,0.145442,0.896273,0.429574,0.110274,9.427607,0
2,0.860807,0.487704,0.145453,0.896273,0.429574,0.110274,9.460686,0
2,0.861290,0.486677,0.146033,0.896273,0.429574,0.110274,9.494090,0
2,0.862241,0.485055,0.145815,0.896273,0.429574,0.110274,9.527078,0
2,0.863150,0.483146,0.146772,0.896273,0.429574,0.110274,9.560439,0
2,0.864625,0.480284,0.147481,0.896273,0.429574,0.110274,9.593779,0
2,0.866481,0.476993,0.147272,0.896273,0.429574,0.110274,9.627666,0
2,0.868240,0.473358,0.148631,0.896273,0.429574,0.110274,9.662160,0
2,0.871450,0.467503,0.148376,0.896273,0.429574,0.110274,9.694077,0
2,0.876656,0.457702,0.148266,0.896273,0.429574,0.110274,9.727408,0
2,0.883954,0.443821,0.147136,0.896273,0.429574,0.110274,9.760633,0
2,0.893529,0.424973,0.144925,0.896273,0.429574,0.110274,9.793634,0
2,0.905138,0.400774,0.141794,0.896273,0.429574,0.110274,9.826915,0
2,0.917677,0.372283,0.138833,0.896273,0.429574,0.110274,9.860185,0
2,0.926211,0.351062,0.137437,0.896273,0.429574,0.110274,9.882674,0
2,0.934343,0.329344,0.136147,0.896273,0.429574,0.110274,9.904868,0
2,0.941959,0.307481,0.134790,0.896273,0.429574,0.110274,9.927162,0
2,0.948805,0.285830,0.134429,0.896273,0.429574,0.110274,9.950913,0
2,0.955273,0.263497,0.134248,0.896273,0.429574,0.110274,9.974569,0
2,0.961483,0.239770,0.134394,0.896273,0.429574,0.110274,9.998275,0
2,0.967018,0.216269,0.134550,0.896273,0.429574,0.110274,10.020947,0
2,0.971568,0.194453,0.135072,0.896273,0.429574,0.110274,10.043128,0
2,0.975730,0.171100,0.136660,0.896273,0.429574,0.110274,10.065285,0
2,0.979414,0.145916,0.139485,0.896273,0.429574,0.110274,10.087787,0
2,0.983519,0.110398,0.143185,0.896273,0.429574,0.110274,10.115652,0
2,0.986052,0.080563,0.145639,0.896273,0.429574,0.110274,10.150400,0
2,0.987686,0.055249,0.146369,0.896273,0.429574,0.110274,10.182641,0
2,0.988396,0.036491,0.147453,0.896273,0.429574,0.110274,10.215887,0
2,0.988564,0.027857,0.148209,0.896273,0.429574,0.110274,10.248859,0
2,0.988393,0.025797,0.149711,0.896273,0.429574,0.110274,10.282309,0
2,0.988109,0.032548,0.150269,0.896273,0.429574,0.110274,10.315670,0
2,0.987998,0.043961,0.148077,0.896273,0.429574,0.110274,10.349920,0
2,0.987461,0.060316,0.145887,0.896273,0.429574,0.110274,10.383142,0
2,0.986503,0.077364,0.144315,0.896273,0.429574,0.110274,10.415921,0
2,0.984977,0.096472,0.143222,0.896273,0.429574,0.110274,10.449098,0
2,0.982681,0.117283,0.143469,0.896273,0.429574,0.110274,10.483035,0
2,0.979535,0.139063,0.145505,0.896273,0.429574,0.110274,10.516336,0
2,0.975541,0.161700,0.148904,0.896273,0.429574,0.110274,10.549784,0
2,0.970756,0.185036,0.152953,0.896273,0.429574,0.110274,10.582623,0
2,0.966192,0.204719,0.156725,0.896273,0.429574,0.110274,10.616046,0
2,0.960595,0.226553,0.161033,0.896273,0.429574,0.110274,10.650586,0
2,0.955444,0.245263,0.164233,0.896273,0.429574,0.110274,10.683232,0
2,0.950258,0.261676,0.168921,0.896273,0.429574,0.110274,10.715946,0
2,0.945154,0.277674,0.171990,0.896273,0.429574,0.110274,10.749260,0
2,0.941033,0.290061,0.174132,0.896273,0.429574,0.110274,10.783370,0
2,0.936415,0.302266,0.178222,0.896273,0.429574,0.110274,10.816680,0
2,0.932561,0.311293,0.182828,0.896273,0.429574,0.110274,10.849494,0
2,0.929600,0.317919,0.186469,0.896273,0.429574,0.110274,10.883640,0
2,0.926910,0.323145,0.190827,0.896273,0.429574,0.110274,10.916328,0
2,0.923907,0.328716,0.195808,0.896273,0.429574,0.110274,10.949225,0
2,0.921979,0.332108,0.199144,0.896273,0.429574,0.110274,10.983543,0
2,0.919895,0.337574,0.199594,0.896273,0.429574,0.110274,11.016579,0
2,0.916501,0.347093,0.198878,0.896273,0.429574,0.110274,11.050096,0
2,0.913093,0.357038,0.196937,0.896273,0.429574,0.110274,11.083081,0
2,0.908558,0.369879,0.194194,0.896273,0.429574,0.110274,11.116280,0
2,0.904553,0.380631,0.192102,0.896273,0.429574,0.110274,11.150128,0
2,0.899887,0.391695,0.191777,0.896273,0.429574,0.110274,11.183325,0
2,0.896404,0.400637,0.189604,0.896273,0.429574,0.110274,11.217443,0
2,0.894321,0.407313,0.185168,0.896273,0.429574,0.110274,11.249965,0
2,0.893187,0.412567,0.178904,0.896273,0.429574,0.110274,11.283556,0
2,0.893424,0.413414,0.175734,0.896273,0.429574,0.110274,11.305468,0
2,0.893034,0.415025,0.173911,0.896273,0.429574,0.110274,11.328332,0
2,0.892916,0.416254,0.171565,0.896273,0.429574,0.110274,11.351319,0
2,0.892315,0.418468,0.169287,0.896273,0.429574,0.110274,11.374747,0
2,0.891155,0.421738,0.167273,0.896273,0.429574,0.110274,11.397740,0
2,0.890263,0.424201,0.165787,0.896273,0.429574,0.110274,11.419929,0
2,0.889523,0.426205,0.164616,0.896273,0.429574,0.110274,11.442079,0
2,0.888076,0.429754,0.163191,0.896273,0.429574,0.110274,11.472585,0
2,0.886022,0.434432,0.161969,0.896273,0.429574,0.110274,11.505529,0
2,0.884357,0.437812,0.161970,0.896273,0.429574,0.110274,11.537919,0
2,0.881150,0.444258,0.161893,0.896273,0.429574,0.110274,11.571393,0
2,0.878601,0.449725,0.160648,0.896273,0.429574,0.110274,11.605049,0
2,0.876242,0.454777,0.159305,0.896273,0.429574,0.110274,11.637881,0
2,0.873564,0.459681,0.159936,0.896273,0.429574,0.110274,11.671728,0
2,0.871281,0.464139,0.159512,0.896273,0.429574,0.110274,11.704668,0
2,0.868658,0.468849,0.160046,0.896273,0.429574,0.110274,11.737538,0
2,0.866808,0.472017,0.160759,0.896273,0.429574,0.110274,11.771817,0
2,0.865264,0.474965,0.160396,0.896273,0.429574,0.110274,11.804826,0
2,0.864744,0.476040,0.160010,0.896273,0.429574,0.110274,11.838051,0
2,0.865134,0.475451,0.159655,0.896273,0.429574,0.110274,11.871384,0
2,0.866993,0.471935,0.160002,0.896273,0.429574,0.110274,11.904418,0
2,0.868804,0.468216,0.161101,0.896273,0.429574,0.110274,11.937925,0
2,0.871159,0.463455,0.162148,0.896273,0.429574,0.110274,11.971201,0
2,0.873092,0.459227,0.163769,0.896273,0.429574,0.110274,12.004680,0
2,0.874708,0.455579,0.165331,0.896273,0.429574,0.110274,12.038010,0
2,0.876405,0.452180,0.165669,0.896273,0.429574,0.110274,12.071420,0
2,0.877354,0.449984,0.166627,0.896273,0.429574,0.110274,12.104791,0
2,0.878374,0.447973,0.166671,0.896273,0.429574,0.110274,12.137836,0
3,0.910616,0.376522,0.170321,0.954443,-0.277423,0.109888,15.525033,0
3,0.910933,0.376087,0.169586,0.954443,-0.277423,0.109888,15.559604,0
3,0.911315,0.375290,0.169299,0.954443,-0.277423,0.109888,15.593171,0
3,0.911659,0.374618,0.168936,0.954443,-0.277423,0.109888,15.625667,0
3,0.911948,0.374037,0.168663,0.954443,-0.277423,0.109888,15.658758,0
3,0.912049,0.373666,0.168939,0.954443,-0.277423,0.109888,15.692619,0
3,0.911960,0.373922,0.168854,0.954443,-0.277423,0.109888,15.725528,0
3,0.911269,0.375286,0.169559,0.954443,-0.277423,0.109888,15.759301,0
3,0.910891,0.376177,0.169610,0.954443,-0.277423,0.109888,15.792597,0
3,0.911470,0.374775,0.169608,0.954443,-0.277423,0.109888,15.826168,0
3,0.913883,0.369512,0.168163,0.954443,-0.277423,0.109888,15.859168,0
3,0.918612,0.358317,0.166615,0.954443,-0.277423,0.109888,15.892087,0
3,0.927797,0.334716,0.164800,0.954443,-0.277423,0.109888,15.926011,0
3,0.939848,0.301056,0.161403,0.954443,-0.277423,0.109888,15.958787,0
3,0.952032,0.261532,0.158862,0.954443,-0.277423,0.109888,15.992300,0
3,0.964046,0.215517,0.155459,0.954443,-0.277423,0.109888,16.025650,0
3,0.973929,0.169773,0.150465,0.954443,-0.277423,0.109888,16.059593,0
3,0.981261,0.123308,0.148060,0.954443,-0.277423,0.109888,16.093040,0
3,0.986398,0.080192,0.143489,0.954443,-0.277423,0.109888,16.126106,0
3,0.989228,0.040852,0.140564,0.954443,-0.277423,0.109888,16.158871,0
3,0.990307,0.018457,0.137661,0.954443,-0.277423,0.109888,16.181614,0
3,0.990828,0.001725,0.135122,0.954443,-0.277423,0.109888,16.203375,0
3,0.990903,-0.015007,0.133738,0.954443,-0.277423,0.109888,16.226130,0
3,0.990646,-0.030109,0.133091,0.954443,-0.277423,0.109888,16.248827,0
3,0.990359,-0.037826,0.133262,0.954443,-0.277423,0.109888,16.272289,0
3,0.990079,-0.043960,0.133459,0.954443,-0.277423,0.109888,16.294287,0
3,0.989688,-0.050746,0.133948,0.954443,-0.277423,0.109888,16.316244,0
3,0.989523,-0.052341,0.134550,0.954443,-0.277423,0.109888,16.338224,0
3,0.989298,-0.052457,0.136151,0.954443,-0.277423,0.109888,16.370403,0
3,0.989072,-0.051075,0.138304,0.954443,-0.277423,0.109888,16.403734,0
3,0.989058,-0.048613,0.139289,0.954443,-0.277423,0.109888,16.436495,0
3,0.989098,-0.045474,0.140060,0.954443,-0.277423,0.109888,16.469933,0
3,0.989193,-0.043814,0.139923,0.954443,-0.277423,0.109888,16.503916,0
3,0.989353,-0.042817,0.139093,0.954443,-0.277423,0.109888,16.536985,0
3,0.989627,-0.041764,0.137459,0.954443,-0.277423,0.109888,16.569641,0
3,0.989796,-0.040717,0.136551,0.954443,-0.277423,0.109888,16.603939,0
3,0.989837,-0.040814,0.136222,0.954443,-0.277423,0.109888,16.636408,0
3,0.990033,-0.038729,0.135408,0.954443,-0.277423,0.109888,16.669554,0
3,0.990022,-0.038384,0.135584,0.954443,-0.277423,0.109888,16.704632,0
3,0.989708,-0.040794,0.137167,0.954443,-0.277423,0.109888,16.735899,0
3,0.989596,-0.041665,0.137709,0.954443,-0.277423,0.109888,16.769016,0
3,0.989518,-0.041771,0.138237,0.954443,-0.277423,0.109888,16.802782,0
3,0.989326,-0.040894,0.139860,0.954443,-0.277423,0.109888,16.835348,0
3,0.989136,-0.039368,0.141633,0.954443,-0.277423,0.109888,16.869556,0
3,0.988977,-0.038595,0.142953,0.954443,-0.277423,0.109888,16.902512,0
3,0.988929,-0.036141,0.143924,0.954443,-0.277423,0.109888,16.936119,0
3,0.988723,-0.034493,0.145730,0.954443,-0.277423,0.109888,16.969875,0
3,0.988607,-0.030784,0.147341,0.954443,-0.277423,0.109888,17.002649,0
3,0.988434,-0.028700,0.148908,0.954443,-0.277423,0.109888,17.035889,0
3,0.988349,-0.025100,0.150121,0.954443,-0.277423,0.109888,17.069754,0
3,0.988276,-0.020776,0.151261,0.954443,-0.277423,0.109888,17.102362,0
3,0.988144,-0.017780,0.152497,0.954443,-0.277423,0.109888,17.135624,0
3,0.988032,-0.014021,0.153608,0.954443,-0.277423,0.109888,17.169064,0
3,0.987716,-0.009890,0.155947,0.954443,-0.277423,0.109888,17.202438,0
3,0.987211,-0.007843,0.159223,0.954443,-0.277423,0.109888,17.235477,0
3,0.986732,-0.005609,0.162258,0.954443,-0.277423,0.109888,17.269115,0
3,0.986289,-0.003151,0.164998,0.954443,-0.277423,0.109888,17.302483,0
3,0.985659,0.000056,0.168748,0.954443,-0.277423,0.109888,17.335556,0
3,0.984823,0.003978,0.173517,0.954443,-0.277423,0.109888,17.369156,0
3,0.983976,0.008314,0.178105,0.954443,-0.277423,0.109888,17.402235,0
3,0.983099,0.012532,0.182646,0.954443,-0.277423,0.109888,17.435240,0
4,0.969198,0.075223,0.234515,0.900861,0.420114,0.109336,20.634329,0
4,0.969250,0.075159,0.234320,0.900861,0.420114,0.109336,20.657347,0
4,0.969297,0.075458,0.234030,0.900861,0.420114,0.109336,20.679415,0
4,0.969445,0.075311,0.233460,0.900861,0.420114,0.109336,20.701340,0
4,0.969476,0.074988,0.233436,0.900861,0.420114,0.109336,20.723619,0
4,0.969275,0.074799,0.234332,0.900861,0.420114,0.109336,20.746977,0
4,0.969254,0.074332,0.234565,0.900861,0.420114,0.109336,20.767311,0
4,0.969273,0.073976,0.234600,0.900861,0.420114,0.109336,20.790195,0
4,0.969296,0.073542,0.234643,0.900861,0.420114,0.109336,20.812366,0
4,0.969320,0.072887,0.234747,0.900861,0.420114,0.109336,20.834291,0
4,0.969359,0.072633,0.234665,0.900861,0.420114,0.109336,20.856735,0
4,0.969388,0.072571,0.234566,0.900861,0.420114,0.109336,20.878780,0
4,0.969470,0.071840,0.234451,0.900861,0.420114,0.109336,20.901972,0
4,0.969330,0.072692,0.234765,0.900861,0.420114,0.109336,20.923704,0
4,0.969191,0.073715,0.235022,0.900861,0.420114,0.109336,20.945244,0
4,0.968903,0.075410,0.235672,0.900861,0.420114,0.109336,20.967222,0
4,0.968586,0.079086,0.235767,0.900861,0.420114,0.109336,20.990034,0
4,0.968025,0.085899,0.235687,0.900861,0.420114,0.109336,21.011723,0
4,0.967178,0.094080,0.236041,0.900861,0.420114,0.109336,21.035076,0
4,0.965828,0.105819,0.236596,0.900861,0.420114,0.109336,21.056677,0
4,0.963549,0.123305,0.237420,0.900861,0.420114,0.109336,21.078918,0
4,0.960506,0.143615,0.238334,0.900861,0.420114,0.109336,21.101219,0
4,0.956470,0.166877,0.239411,0.900861,0.420114,0.109336,21.123171,0
4,0.951205,0.193754,0.240141,0.900861,0.420114,0.109336,21.146030,0
4,0.944657,0.223108,0.240513,0.900861,0.420114,0.109336,21.167925,0
4,0.936859,0.253438,0.240967,0.900861,0.420114,0.109336,21.190176,0
4,0.928278,0.283587,0.240579,0.900861,0.420114,0.109336,21.212341,0
4,0.918414,0.314039,0.240615,0.900861,0.420114,0.109336,21.234581,0
4,0.907507,0.344168,0.240788,0.900861,0.420114,0.109336,21.257723,0
4,0.896670,0.371853,0.240226,0.900861,0.420114,0.109336,21.280231,0
4,0.885380,0.398328,0.239659,0.900861,0.420114,0.109336,21.301422,0
4,0.868507,0.434572,0.238415,0.900861,0.420114,0.109336,21.333876,0
4,0.854784,0.461496,0.237414,0.900861,0.420114,0.109336,21.367405,0
4,0.843628,0.483127,0.234265,0.900861,0.420114,0.109336,21.400742,0
4,0.836800,0.496561,0.230634,0.900861,0.420114,0.109336,21.434057,0
4,0.832095,0.505844,0.227465,0.900861,0.420114,0.109336,21.467428,0
4,0.829671,0.511023,0.224725,0.900861,0.420114,0.109336,21.501478,0
4,0.828513,0.514304,0.221488,0.900861,0.420114,0.109336,21.534180,0
4,0.828348,0.515755,0.218718,0.900861,0.420114,0.109336,21.567163,0
4,0.829251,0.514992,0.217086,0.900861,0.420114,0.109336,21.600622,0
4,0.830557,0.513898,0.214671,0.900861,0.420114,0.109336,21.634190,0
4,0.833746,0.509511,0.212758,0.900861,0.420114,0.109336,21.670681,0
4,0.837432,0.503883,0.211684,0.900861,0.420114,0.109336,21.699142,0
4,0.840282,0.500047,0.209472,0.900861,0.420114,0.109336,21.732243,0
4,0.842701,0.496773,0.207539,0.900861,0.420114,0.109336,21.765356,0
4,0.843649,0.495841,0.205911,0.900861,0.420114,0.109336,21.798405,0
4,0.845212,0.493995,0.203924,0.900861,0.420114,0.109336,21.832077,0
4,0.848764,0.488742,0.201820,0.900861,0.420114,0.109336,21.865181,0
4,0.855523,0.477543,0.200084,0.900861,0.420114,0.109336,21.898769,0
4,0.862078,0.465935,0.199315,0.900861,0.420114,0.109336,21.933191,0
4,0.873024,0.444990,0.199531,0.900861,0.420114,0.109336,21.965477,0
4,0.882543,0.425772,0.199589,0.900861,0.420114,0.109336,21.998386,0
4,0.890210,0.410089,0.198376,0.900861,0.420114,0.109336,22.031797,0
4,0.895281,0.399517,0.197124,0.900861,0.420114,0.109336,22.065386,0
4,0.898106,0.393848,0.195676,0.900861,0.420114,0.109336,22.098413,0
4,0.900608,0.389239,0.193387,0.900861,0.420114,0.109336,22.131920,0
4,0.901101,0.387210,0.195154,0.900861,0.420114,0.109336,22.164923,0
4,0.900571,0.387721,0.196581,0.900861,0.420114,0.109336,22.198069,0
4,0.899510,0.389307,0.198295,0.900861,0.420114,0.109336,22.231535,0
4,0.898393,0.391591,0.198863,0.900861,0.420114,0.109336,22.266081,0
4,0.897811,0.392389,0.199918,0.900861,0.420114,0.109336,22.298557,0
4,0.897027,0.393245,0.201742,0.900861,0.420114,0.109336,22.331591,0
4,0.897073,0.392113,0.203734,0.900861,0.420114,0.109336,22.364933,0
5,0.918611,0.325605,0.223910,0.950262,0.282710,0.130677,25.687366,0
5,0.918622,0.326069,0.223185,0.950262,0.282710,0.130677,25.710949,0
5,0.918669,0.325928,0.223201,0.950262,0.282710,0.130677,25.733027,0
5,0.918629,0.326150,0.223041,0.950262,0.282710,0.130677,25.754442,0
5,0.918716,0.326041,0.222839,0.950262,0.282710,0.130677,25.776888,0
5,0.918859,0.325536,0.222987,0.950262,0.282710,0.130677,25.799297,0
5,0.918957,0.324880,0.223543,0.950262,0.282710,0.130677,25.821630,0
5,0.919239,0.323773,0.223990,0.950262,0.282710,0.130677,25.844030,0
5,0.919659,0.322584,0.223978,0.950262,0.282710,0.130677,25.866018,0
5,0.920033,0.321476,0.224036,0.950262,0.282710,0.130677,25.887880,0
5,0.920516,0.319985,0.224189,0.950262,0.282710,0.130677,25.909803,0
5,0.920813,0.318811,0.224639,0.950262,0.282710,0.130677,25.932627,0
5,0.921190,0.317714,0.224647,0.950262,0.282710,0.130677,25.954765,0
5,0.921648,0.316506,0.224475,0.950262,0.282710,0.130677,25.977795,0
5,0.922074,0.315591,0.224011,0.950262,0.282710,0.130677,25.998405,0
5,0.922382,0.314973,0.223614,0.950262,0.282710,0.130677,26.031448,0
5,0.922782,0.314249,0.222981,0.950262,0.282710,0.130677,26.065029,0
5,0.922669,0.314404,0.223232,0.950262,0.282710,0.130677,26.097782,0
5,0.922832,0.313784,0.223431,0.950262,0.282710,0.130677,26.131254,0
5,0.922979,0.313090,0.223795,0.950262,0.282710,0.130677,26.164217,0
5,0.922963,0.312219,0.225075,0.950262,0.282710,0.130677,26.197979,0
5,0.922670,0.312540,0.225828,0.950262,0.282710,0.130677,26.230940,0
5,0.922509,0.312814,0.226109,0.950262,0.282710,0.130677,26.264158,0
5,0.922147,0.313693,0.226366,0.950262,0.282710,0.130677,26.297705,0
5,0.921912,0.313843,0.227115,0.950262,0.282710,0.130677,26.331432,0
5,0.921629,0.314256,0.227691,0.950262,0.282710,0.130677,26.364443,0
5,0.921453,0.314937,0.227462,0.950262,0.282710,0.130677,26.398375,0
5,0.921436,0.314733,0.227812,0.950262,0.282710,0.130677,26.431610,0
5,0.921375,0.314884,0.227850,0.950262,0.282710,0.130677,26.464619,0
5,0.921596,0.315169,0.226559,0.950262,0.282710,0.130677,26.497858,0
5,0.921799,0.314917,0.226084,0.950262,0.282710,0.130677,26.531879,0
5,0.922353,0.313639,0.225599,0.950262,0.282710,0.130677,26.564548,0
5,0.923358,0.310458,0.225888,0.950262,0.282710,0.130677,26.597702,0
5,0.924530,0.307147,0.225623,0.950262,0.282710,0.130677,26.631281,0
5,0.925952,0.302901,0.225531,0.950262,0.282710,0.130677,26.664124,0
5,0.927167,0.299455,0.225140,0.950262,0.282710,0.130677,26.697126,0
5,0.929103,0.293407,0.225124,0.950262,0.282710,0.130677,26.731039,0
5,0.930413,0.288781,0.225691,0.950262,0.282710,0.130677,26.764400,0
5,0.931402,0.285035,0.226373,0.950262,0.282710,0.130677,26.798069,0
5,0.932851,0.278611,0.228398,0.950262,0.282710,0.130677,26.831097,0
5,0.932284,0.278582,0.230734,0.950262,0.282710,0.130677,26.864395,0
5,0.931859,0.278999,0.231943,0.950262,0.282710,0.130677,26.897264,0
5,0.931519,0.279049,0.233247,0.950262,0.282710,0.130677,26.919733,0
5,0.931366,0.279391,0.233449,0.950262,0.282710,0.130677,26.941935,0
5,0.931333,0.279962,0.232893,0.950262,0.282710,0.130677,26.964174,0
5,0.931450,0.280132,0.232223,0.950262,0.282710,0.130677,26.987274,0
5,0.931529,0.280078,0.231968,0.950262,0.282710,0.130677,27.008949,0
5,0.931438,0.280044,0.232376,0.950262,0.282710,0.130677,27.031836,0
5,0.931211,0.280447,0.232800,0.950262,0.282710,0.130677,27.054430,0
5,0.931256,0.279884,0.233297,0.950262,0.282710,0.130677,27.076056,0
6,0.944245,0.251078,0.212983,0.951623,-0.276911,0.133172,30.329712,0
6,0.944621,0.249931,0.212663,0.951623,-0.276911,0.133172,30.363710,0
6,0.944815,0.249297,0.212548,0.951623,-0.276911,0.133172,30.396544,0
6,0.944944,0.249105,0.212194,0.951623,-0.276911,0.133172,30.430309,0
6,0.945140,0.248501,0.212032,0.951623,-0.276911,0.133172,30.463541,0
6,0.945115,0.248996,0.211563,0.951623,-0.276911,0.133172,30.496643,0
6,0.945081,0.248996,0.211716,0.951623,-0.276911,0.133172,30.529995,0
6,0.944922,0.249452,0.211887,0.951623,-0.276911,0.133172,30.562992,0
6,0.945106,0.248956,0.211651,0.951623,-0.276911,0.133172,30.596617,0
6,0.945622,0.247463,0.211094,0.951623,-0.276911,0.133172,30.630840,0
6,0.946421,0.245471,0.209837,0.951623,-0.276911,0.133172,30.663486,0
6,0.947343,0.243813,0.207596,0.951623,-0.276911,0.133172,30.696836,0
6,0.948802,0.239649,0.205776,0.951623,-0.276911,0.133172,30.729321,0
6,0.950756,0.233602,0.203700,0.951623,-0.276911,0.133172,30.762566,0
6,0.953436,0.224610,0.201273,0.951623,-0.276911,0.133172,30.796007,0
6,0.957297,0.210151,0.198542,0.951623,-0.276911,0.133172,30.829111,0
6,0.961264,0.193802,0.195988,0.951623,-0.276911,0.133172,30.862530,0
6,0.966032,0.172667,0.192273,0.951623,-0.276911,0.133172,30.896179,0
6,0.971213,0.146796,0.187604,0.951623,-0.276911,0.133172,30.929968,0
6,0.975728,0.122210,0.181710,0.951623,-0.276911,0.133172,30.962893,0
6,0.979607,0.095765,0.176630,0.951623,-0.276911,0.133172,30.995893,0
6,0.982954,0.067378,0.171062,0.951623,-0.276911,0.133172,31.029655,0
6,0.985455,0.037790,0.165680,0.951623,-0.276911,0.133172,31.051348,0
6,0.986595,0.017844,0.162210,0.951623,-0.276911,0.133172,31.073719,0
6,0.987210,0.000466,0.159426,0.951623,-0.276911,0.133172,31.096542,0
6,0.987467,-0.018702,0.156714,0.951623,-0.276911,0.133172,31.118622,0
6,0.987279,-0.037213,0.154580,0.951623,-0.276911,0.133172,31.141544,0
6,0.986960,-0.049876,0.153045,0.951623,-0.276911,0.133172,31.162872,0
6,0.986409,-0.060313,0.152837,0.951623,-0.276911,0.133172,31.184942,0
6,0.985663,-0.071662,0.152752,0.951623,-0.276911,0.133172,31.209089,0
6,0.984864,-0.081247,0.153108,0.951623,-0.276911,0.133172,31.230618,0
6,0.984335,-0.086426,0.153671,0.951623,-0.276911,0.133172,31.251846,0
6,0.983957,-0.090169,0.153940,0.951623,-0.276911,0.133172,31.272814,0
6,0.983451,-0.095892,0.153714,0.951623,-0.276911,0.133172,31.296856,0
6,0.983015,-0.099763,0.154039,0.951623,-0.276911,0.133172,31.317215,0
6,0.982826,-0.100818,0.154563,0.951623,-0.276911,0.133172,31.339535,0
6,0.982533,-0.103236,0.154829,0.951623,-0.276911,0.133172,31.363083,0
6,0.982055,-0.107613,0.154882,0.951623,-0.276911,0.133172,31.385031,0
6,0.981831,-0.110834,0.154028,0.951623,-0.276911,0.133172,31.405670,0
6,0.981850,-0.112149,0.152946,0.951623,-0.276911,0.133172,31.429750,0
6,0.981907,-0.113349,0.151690,0.951623,-0.276911,0.133172,31.450695,0
6,0.982076,-0.113214,0.150700,0.951623,-0.276911,0.133172,31.472895,0
6,0.982562,-0.110401,0.149613,0.951623,-0.276911,0.133172,31.498066,0
6,0.982726,-0.109340,0.149314,0.951623,-0.276911,0.133172,31.519115,0
6,0.982979,-0.108281,0.148417,0.951623,-0.276911,0.133172,31.539576,0
6,0.983428,-0.105850,0.147190,0.951623,-0.276911,0.133172,31.562862,0
6,0.983911,-0.103280,0.145780,0.951623,-0.276911,0.133172,31.594687,0
6,0.984391,-0.101669,0.143659,0.951623,-0.276911,0.133172,31.627848,0
6,0.984512,-0.101837,0.142706,0.951623,-0.276911,0.133172,31.661604,0
6,0.984439,-0.102944,0.142416,0.951623,-0.276911,0.133172,31.695650,0
6,0.984332,-0.104891,0.141732,0.951623,-0.276911,0.133172,31.727953,0
6,0.984524,-0.104621,0.140593,0.951623,-0.276911,0.133172,31.761461,0
6,0.984187,-0.107173,0.141030,0.951623,-0.276911,0.133172,31.794580,0
6,0.984107,-0.107566,0.141290,0.951623,-0.276911,0.133172,31.828070,0
6,0.984052,-0.108242,0.141159,0.951623,-0.276911,0.133172,31.861893,0
6,0.984005,-0.108015,0.141659,0.951623,-0.276911,0.133172,31.894884,0
6,0.984078,-0.107034,0.141898,0.951623,-0.276911,0.133172,31.928146,0
6,0.984148,-0.107699,0.140903,0.951623,-0.276911,0.133172,31.961386,0
6,0.983911,-0.110763,0.140180,0.951623,-0.276911,0.133172,31.994761,0
6,0.983593,-0.114411,0.139480,0.951623,-0.276911,0.133172,32.027946,0
6,0.983424,-0.116035,0.139327,0.951623,-0.276911,0.133172,32.061588,0
6,0.983296,-0.116674,0.139698,0.951623,-0.276911,0.133172,32.094597,0
6,0.983254,-0.115782,0.140735,0.951623,-0.276911,0.133172,32.128044,0
6,0.983269,-0.114650,0.141553,0.951623,-0.276911,0.133172,32.161716,0
6,0.983422,-0.112305,0.142369,0.951623,-0.276911,0.133172,32.194828,0
6,0.983486,-0.110944,0.142995,0.951623,-0.276911,0.133172,32.228416,0
6,0.983590,-0.110044,0.142971,0.951623,-0.276911,0.133172,32.262222,0
6,0.983642,-0.109902,0.142722,0.951623,-0.276911,0.133172,32.295280,0
6,0.983852,-0.108579,0.142287,0.951623,-0.276911,0.133172,32.328671,0
6,0.984016,-0.107443,0.142017,0.951623,-0.276911,0.133172,32.362144,0
6,0.984200,-0.106627,0.141352,0.951623,-0.276911,0.133172,32.395069,0
6,0.984275,-0.105545,0.141645,0.951623,-0.276911,0.133172,32.428341,0
6,0.984370,-0.104223,0.141961,0.951623,-0.276911,0.133172,32.462635,0
6,0.984453,-0.103620,0.141829,0.951623,-0.276911,0.133172,32.495380,0
6,0.984446,-0.103393,0.142041,0.951623,-0.276911,0.133172,32.529381,0
6,0.984326,-0.103355,0.142896,0.951623,-0.276911,0.133172,32.562000,0
6,0.984246,-0.103414,0.143405,0.951623,-0.276911,0.133172,32.595215,0
6,0.984227,-0.103679,0.143343,0.951623,-0.276911,0.133172,32.628571,0
6,0.984177,-0.103751,0.143635,0.951623,-0.276911,0.133172,32.662640,0
6,0.984168,-0.103257,0.144055,0.951623,-0.276911,0.133172,32.695267,0
6,0.984268,-0.102676,0.143784,0.951623,-0.276911,0.133172,32.729233,0
6,0.984381,-0.101969,0.143517,0.951623,-0.276911,0.133172,32.762280,0
6,0.984622,-0.100471,0.142913,0.951623,-0.276911,0.133172,32.795105,0
6,0.984724,-0.099482,0.142908,0.951623,-0.276911,0.133172,32.829147,0
6,0.984716,-0.098602,0.143572,0.951623,-0.276911,0.133172,32.863354,0
7,0.986753,-0.050725,0.154095,0.914992,0.378948,0.138521,36.182934,0
7,0.986577,-0.049483,0.155617,0.914992,0.378948,0.138521,36.216457,0
7,0.986547,-0.048269,0.156191,0.914992,0.378948,0.138521,36.249290,0
7,0.986643,-0.047637,0.155777,0.914992,0.378948,0.138521,36.282619,0
7,0.986671,-0.047381,0.155675,0.914992,0.378948,0.138521,36.316376,0
7,0.986712,-0.047603,0.155347,0.914992,0.378948,0.138521,36.349724,0
7,0.986868,-0.047335,0.154439,0.914992,0.378948,0.138521,36.383015,0
7,0.987007,-0.047208,0.153586,0.914992,0.378948,0.138521,36.416386,0
7,0.987041,-0.047222,0.153365,0.914992,0.378948,0.138521,36.449257,0
7,0.986986,-0.047690,0.153571,0.914992,0.378948,0.138521,36.482597,0
7,0.987018,-0.047899,0.153304,0.914992,0.378948,0.138521,36.515816,0
7,0.986932,-0.048213,0.153756,0.914992,0.378948,0.138521,36.549477,0
7,0.986892,-0.047745,0.154159,0.914992,0.378948,0.138521,36.582825,0
7,0.987060,-0.047320,0.153207,0.914992,0.378948,0.138521,36.615986,0
7,0.987170,-0.045856,0.152947,0.914992,0.378948,0.138521,36.649731,0
7,0.987288,-0.045780,0.152206,0.914992,0.378948,0.138521,36.682518,0
7,0.987608,-0.043757,0.150715,0.914992,0.378948,0.138521,36.716576,0
7,0.987993,-0.038248,0.149691,0.914992,0.378948,0.138521,36.750214,0
7,0.988385,-0.022400,0.150310,0.914992,0.378948,0.138521,36.782948,0
7,0.988471,0.006875,0.151252,0.914992,0.378948,0.138521,36.816101,0
7,0.986789,0.054173,0.152685,0.914992,0.378948,0.138521,36.848660,0
7,0.982723,0.100866,0.155184,0.914992,0.378948,0.138521,36.881962,0
7,0.976253,0.149350,0.156921,0.914992,0.378948,0.138521,36.915520,0
7,0.970671,0.180676,0.158598,0.914992,0.378948,0.138521,36.937626,0
7,0.964330,0.210939,0.159916,0.914992,0.378948,0.138521,36.960270,0
7,0.957677,0.238404,0.161303,0.914992,0.378948,0.138521,36.982719,0
7,0.950958,0.263084,0.162685,0.914992,0.378948,0.138521,37.006325,0
7,0.943912,0.286352,0.164418,0.914992,0.378948,0.138521,37.029446,0
7,0.936833,0.307640,0.166437,0.914992,0.378948,0.138521,37.052002,0
7,0.930339,0.325854,0.168193,0.914992,0.378948,0.138521,37.074776,0
7,0.920521,0.351334,0.170895,0.914992,0.378948,0.138521,37.104038,0
7,0.912599,0.370725,0.172410,0.914992,0.378948,0.138521,37.137367,0
7,0.905790,0.386548,0.173567,0.914992,0.378948,0.138521,37.171127,0
7,0.901601,0.396745,0.172365,0.914992,0.378948,0.138521,37.204174,0
7,0.899263,0.402464,0.171315,0.914992,0.378948,0.138521,37.237766,0
7,0.897519,0.406563,0.170781,0.914992,0.378948,0.138521,37.271091,0
7,0.897289,0.407801,0.169026,0.914992,0.378948,0.138521,37.305088,0
7,0.898260,0.406008,0.168184,0.914992,0.378948,0.138521,37.338017,0
7,0.898818,0.404917,0.167832,0.914992,0.378948,0.138521,37.370678,0
7,0.899252,0.404581,0.166315,0.914992,0.378948,0.138521,37.404316,0
7,0.897835,0.407689,0.166382,0.914992,0.378948,0.138521,37.437386,0
7,0.895431,0.413214,0.165706,0.914992,0.378948,0.138521,37.470871,0
7,0.891804,0.420734,0.166339,0.914992,0.378948,0.138521,37.504829,0
7,0.886335,0.432029,0.166620,0.914992,0.378948,0.138521,37.537315,0
7,0.881759,0.441907,0.164984,0.914992,0.378948,0.138521,37.571297,0
7,0.877083,0.451079,0.165085,0.914992,0.378948,0.138521,37.603794,0
7,0.870500,0.463350,0.165942,0.914992,0.378948,0.138521,37.637592,0
7,0.865802,0.471781,0.166762,0.914992,0.378948,0.138521,37.670391,0
7,0.859753,0.481685,0.169719,0.914992,0.378948,0.138521,37.704853,0
7,0.853294,0.492380,0.171616,0.914992,0.378948,0.138521,37.737648,0
7,0.847898,0.501419,0.172188,0.914992,0.378948,0.138521,37.770401,0
7,0.844383,0.507872,0.170536,0.914992,0.378948,0.138521,37.803623,0
7,0.842798,0.511152,0.168566,0.914992,0.378948,0.138521,37.837048,0
7,0.842085,0.513152,0.166036,0.914992,0.378948,0.138521,37.870380,0
7,0.843338,0.511909,0.163496,0.914992,0.378948,0.138521,37.904003,0
7,0.844311,0.510786,0.161976,0.914992,0.378948,0.138521,37.937622,0
7,0.845794,0.508525,0.161354,0.914992,0.378948,0.138521,37.970512,0
7,0.845699,0.508328,0.162466,0.914992,0.378948,0.138521,38.003613,0
7,0.845751,0.508093,0.162929,0.914992,0.378948,0.138521,38.036659,0
7,0.845850,0.507850,0.163177,0.914992,0.378948,0.138521,38.071018,0
7,0.846525,0.506431,0.164080,0.914992,0.378948,0.138521,38.103920,0
7,0.848642,0.503301,0.162770,0.914992,0.378948,0.138521,38.137348,0
7,0.851212,0.499193,0.162000,0.914992,0.378948,0.138521,38.170692,0
7,0.853322,0.495583,0.161984,0.914992,0.378948,0.138521,38.203587,0
7,0.855815,0.491036,0.162681,0.914992,0.378948,0.138521,38.236969,0
7,0.857944,0.487360,0.162521,0.914992,0.378948,0.138521,38.270378,0
7,0.860497,0.481389,0.166764,0.914992,0.378948,0.138521,38.304653,0
7,0.862639,0.474675,0.174747,0.914992,0.378948,0.138521,38.337254,0
7,0.865223,0.468137,0.179545,0.914992,0.378948,0.138521,38.370644,0
7,0.867968,0.462326,0.181347,0.914992,0.378948,0.138521,38.403629,0
7,0.870671,0.457125,0.181571,0.914992,0.378948,0.138521,38.436554,0
7,0.873043,0.453311,0.179739,0.914992,0.378948,0.138521,38.469887,0
7,0.874625,0.451115,0.177560,0.914992,0.378948,0.138521,38.504196,0
7,0.875659,0.449920,0.175483,0.914992,0.378948,0.138521,38.537006,0
7,0.876045,0.449601,0.174367,0.914992,0.378948,0.138521,38.570271,0
7,0.876700,0.448402,0.174164,0.914992,0.378948,0.138521,38.603352,0
7,0.876906,0.448305,0.173377,0.914992,0.378948,0.138521,38.636761,0
7,0.877328,0.447994,0.172039,0.914992,0.378948,0.138521,38.670097,0
7,0.877638,0.447379,0.172056,0.914992,0.378948,0.138521,38.703400,0
7,0.877799,0.446904,0.172468,0.914992,0.378948,0.138521,38.737457,0
8,0.921922,0.337242,0.190597,0.966178,0.207623,0.152946,41.856712,0
8,0.921930,0.337094,0.190822,0.966178,0.207623,0.152946,41.880470,0
8,0.921865,0.336963,0.191364,0.966178,0.207623,0.152946,41.902657,0
8,0.921733,0.337439,0.191162,0.966178,0.207623,0.152946,41.925514,0
8,0.921537,0.337554,0.191902,0.966178,0.207623,0.152946,41.947338,0
8,0.921396,0.337535,0.192612,0.966178,0.207623,0.152946,41.970573,0
8,0.921081,0.338112,0.193106,0.966178,0.207623,0.152946,41.993423,0
8,0.920914,0.338388,0.193420,0.966178,0.207623,0.152946,42.015270,0
8,0.920633,0.339172,0.193384,0.966178,0.207623,0.152946,42.045979,0
8,0.920559,0.339431,0.193282,0.966178,0.207623,0.152946,42.079479,0
8,0.920627,0.339410,0.192996,0.966178,0.207623,0.152946,42.112881,0
8,0.920835,0.339045,0.192642,0.966178,0.207623,0.152946,42.145702,0
8,0.921088,0.338385,0.192593,0.966178,0.207623,0.152946,42.179390,0
8,0.921310,0.337653,0.192816,0.966178,0.207623,0.152946,42.213070,0
8,0.921392,0.337492,0.192707,0.966178,0.207623,0.152946,42.245861,0
8,0.921452,0.337235,0.192871,0.966178,0.207623,0.152946,42.279694,0
8,0.921762,0.336674,0.192367,0.966178,0.207623,0.152946,42.313019,0
8,0.921978,0.336231,0.192107,0.966178,0.207623,0.152946,42.346230,0
8,0.921945,0.336541,0.191725,0.966178,0.207623,0.152946,42.379040,0
8,0.922158,0.336203,0.191291,0.966178,0.207623,0.152946,42.412537,0
8,0.922480,0.335406,0.191135,0.966178,0.207623,0.152946,42.445759,0
8,0.923093,0.333750,0.191075,0.966178,0.207623,0.152946,42.478920,0
8,0.923882,0.331598,0.191010,0.966178,0.207623,0.152946,42.512882,0
8,0.925437,0.327407,0.190710,0.966178,0.207623,0.152946,42.546356,0
8,0.928731,0.318175,0.190327,0.966178,0.207623,0.152946,42.579433,0
8,0.932000,0.308681,0.189980,0.966178,0.207623,0.152946,42.612617,0
8,0.935346,0.298428,0.189917,0.966178,0.207623,0.152946,42.646049,0
8,0.939483,0.285684,0.189094,0.966178,0.207623,0.152946,42.679474,0
8,0.943812,0.271778,0.188031,0.966178,0.207623,0.152946,42.712616,0
8,0.947511,0.259019,0.187434,0.966178,0.207623,0.152946,42.746548,0
8,0.951369,0.244893,0.186878,0.966178,0.207623,0.152946,42.779236,0
8,0.954328,0.233692,0.186136,0.966178,0.207623,0.152946,42.812710,0
8,0.957033,0.222006,0.186553,0.966178,0.207623,0.152946,42.846550,0
8,0.959064,0.212780,0.186871,0.966178,0.207623,0.152946,42.880657,0
8,0.960722,0.204970,0.187083,0.966178,0.207623,0.152946,42.912182,0
8,0.961541,0.200134,0.188109,0.966178,0.207623,0.152946,42.945038,0
8,0.961616,0.198326,0.189636,0.966178,0.207623,0.152946,42.978714,0
8,0.961891,0.196350,0.190296,0.966178,0.207623,0.152946,43.012177,0
8,0.961905,0.195922,0.190665,0.966178,0.207623,0.152946,43.045368,0
8,0.961902,0.195506,0.191108,0.966178,0.207623,0.152946,43.078117,0
8,0.961777,0.196249,0.190975,0.966178,0.207623,0.152946,43.111374,0
8,0.961677,0.197053,0.190649,0.966178,0.207623,0.152946,43.144581,0
8,0.961804,0.196922,0.190145,0.966178,0.207623,0.152946,43.167027,0
8,0.961998,0.196557,0.189537,0.966178,0.207623,0.152946,43.189194,0
8,0.962012,0.196785,0.189232,0.966178,0.207623,0.152946,43.211723,0
8,0.962002,0.196811,0.189254,0.966178,0.207623,0.152946,43.234112,0
8,0.962059,0.196425,0.189369,0.966178,0.207623,0.152946,43.257206,0
8,0.962162,0.196161,0.189120,0.966178,0.207623,0.152946,43.279552,0
8,0.962238,0.196028,0.188870,0.966178,0.207623,0.152946,43.303062,0
8,0.962107,0.196668,0.188872,0.966178,0.207623,0.152946,43.325909,0
8,0.961773,0.198395,0.188764,0.966178,0.207623,0.152946,43.347645,0
8,0.961302,0.200594,0.188841,0.966178,0.207623,0.152946,43.369396,0
8,0.960448,0.204780,0.188693,0.966178,0.207623,0.152946,43.401875,0
8,0.958026,0.215247,0.189352,0.966178,0.207623,0.152946,43.434830,0
8,0.955289,0.226299,0.190294,0.966178,0.207623,0.152946,43.467297,0
8,0.951925,0.238974,0.191653,0.966178,0.207623,0.152946,43.501217,0
8,0.947924,0.253155,0.193269,0.966178,0.207623,0.152946,43.534184,0
8,0.943533,0.267598,0.195285,0.966178,0.207623,0.152946,43.567036,0
8,0.938343,0.282343,0.199488,0.966178,0.207623,0.152946,43.601608,0
8,0.932655,0.296456,0.205594,0.966178,0.207623,0.152946,43.633659,0
8,0.927209,0.308437,0.212484,0.966178,0.207623,0.152946,43.666779,0
8,0.922459,0.316692,0.220851,0.966178,0.207623,0.152946,43.700661,0
8,0.918849,0.321262,0.229146,0.966178,0.207623,0.152946,43.734280,0
8,0.916186,0.322977,0.237255,0.966178,0.207623,0.152946,43.766983,0
8,0.914257,0.322716,0.244926,0.966178,0.207623,0.152946,43.800747,0
8,0.913052,0.321904,0.250427,0.966178,0.207623,0.152946,43.834316,0
8,0.912413,0.321402,0.253383,0.966178,0.207623,0.152946,43.868027,0
8,0.911268,0.322660,0.255891,0.966178,0.207623,0.152946,43.900738,0
8,0.910100,0.325609,0.256314,0.966178,0.207623,0.152946,43.934921,0
8,0.908881,0.329460,0.255718,0.966178,0.207623,0.152946,43.967030,0
8,0.906519,0.336131,0.255418,0.966178,0.207623,0.152946,44.000534,0
8,0.903993,0.343398,0.254705,0.966178,0.207623,0.152946,44.033512,0
8,0.899435,0.354329,0.255867,0.966178,0.207623,0.152946,44.066692,0
8,0.894011,0.367271,0.256624,0.966178,0.207623,0.152946,44.100224,0
8,0.888339,0.380137,0.257584,0.966178,0.207623,0.152946,44.133686,0
8,0.882777,0.393207,0.257085,0.966178,0.207623,0.152946,44.167759,0
8,0.878508,0.403341,0.256006,0.966178,0.207623,0.152946,44.200672,0
8,0.874707,0.411619,0.255848,0.966178,0.207623,0.152946,44.233658,0
8,0.872856,0.415722,0.255534,0.966178,0.207623,0.152946,44.255802,0
8,0.872230,0.416904,0.255744,0.966178,0.207623,0.152946,44.277866,0
8,0.872330,0.416659,0.255802,0.966178,0.207623,0.152946,44.300652,0
8,0.872528,0.415862,0.256425,0.966178,0.207623,0.152946,44.322998,0
8,0.872935,0.414571,0.257128,0.966178,0.207623,0.152946,44.345642,0
8,0.873727,0.412463,0.257829,0.966178,0.207623,0.152946,44.366795,0
8,0.874421,0.410504,0.258603,0.966178,0.207623,0.152946,44.389923,0
8,0.875069,0.409055,0.258705,0.966178,0.207623,0.152946,44.412151,0
8,0.875637,0.407795,0.258772,0.966178,0.207623,0.152946,44.434410,0
8,0.876180,0.406404,0.259123,0.966178,0.207623,0.152946,44.456718,0
8,0.876613,0.405359,0.259294,0.966178,0.207623,0.152946,44.479687,0
8,0.876977,0.404323,0.259681,0.966178,0.207623,0.152946,44.501137,0
9,0.937962,0.343182,0.049525,0.963344,0.246168,0.106623,47.732098,0
9,0.937987,0.342938,0.050739,0.963344,0.246168,0.106623,47.766258,0
9,0.937981,0.342925,0.050935,0.963344,0.246168,0.106623,47.799496,0
9,0.938071,0.342556,0.051750,0.963344,0.246168,0.106623,47.832577,0
9,0.938257,0.341952,0.052379,0.963344,0.246168,0.106623,47.865246,0
9,0.938534,0.341104,0.052943,0.963344,0.246168,0.106623,47.898743,0
9,0.938814,0.340411,0.052418,0.963344,0.246168,0.106623,47.933060,0
9,0.939128,0.339662,0.051664,0.963344,0.246168,0.106623,47.965328,0
9,0.939275,0.339235,0.051779,0.963344,0.246168,0.106623,47.999020,0
9,0.939377,0.338922,0.051991,0.963344,0.246168,0.106623,48.032070,0
9,0.939353,0.338880,0.052688,0.963344,0.246168,0.106623,48.065392,0
9,0.939468,0.338454,0.053364,0.963344,0.246168,0.106623,48.098381,0
9,0.939606,0.338242,0.052287,0.963344,0.246168,0.106623,48.132034,0
9,0.939885,0.337677,0.050892,0.963344,0.246168,0.106623,48.165489,0
9,0.940365,0.336368,0.050705,0.963344,0.246168,0.106623,48.199059,0
9,0.940417,0.336034,0.051937,0.963344,0.246168,0.106623,48.233681,0
9,0.940272,0.336377,0.052334,0.963344,0.246168,0.106623,48.266121,0
9,0.940283,0.336324,0.052476,0.963344,0.246168,0.106623,48.298893,0
9,0.940204,0.336657,0.051753,0.963344,0.246168,0.106623,48.331902,0
9,0.939925,0.337728,0.049810,0.963344,0.246168,0.106623,48.365025,0
9,0.939713,0.338326,0.049742,0.963344,0.246168,0.106623,48.398304,0
9,0.939447,0.339071,0.049704,0.963344,0.246168,0.106623,48.432907,0
9,0.939492,0.338838,0.050438,0.963344,0.246168,0.106623,48.465790,0
9,0.939314,0.339235,0.051089,0.963344,0.246168,0.106623,48.498882,0
9,0.939158,0.339644,0.051224,0.963344,0.246168,0.106623,48.531498,0
9,0.939098,0.339749,0.051621,0.963344,0.246168,0.106623,48.564953,0
9,0.938622,0.341041,0.051770,0.963344,0.246168,0.106623,48.598148,0
9,0.937028,0.345149,0.053395,0.963344,0.246168,0.106623,48.631245,0
9,0.933670,0.353860,0.055172,0.963344,0.246168,0.106623,48.664337,0
9,0.929318,0.364725,0.057825,0.963344,0.246168,0.106623,48.698341,0
9,0.923466,0.378869,0.060572,0.963344,0.246168,0.106623,48.731205,0
9,0.917724,0.392203,0.062922,0.963344,0.246168,0.106623,48.765007,0
9,0.912499,0.403839,0.065261,0.963344,0.246168,0.106623,48.797825,0
9,0.907679,0.413945,0.069052,0.963344,0.246168,0.106623,48.831432,0
9,0.902781,0.423699,0.073925,0.963344,0.246168,0.106623,48.865177,0
9,0.899168,0.430349,0.079346,0.963344,0.246168,0.106623,48.898666,0
9,0.896205,0.434824,0.088001,0.963344,0.246168,0.106623,48.932892,0
9,0.893632,0.438700,0.094681,0.963344,0.246168,0.106623,48.966393,0
9,0.890233,0.444404,0.099948,0.963344,0.246168,0.106623,48.998951,0
9,0.887108,0.449931,0.102965,0.963344,0.246168,0.106623,49.032032,0
9,0.882918,0.457802,0.104279,0.963344,0.246168,0.106623,49.064739,0
9,0.879169,0.465058,0.103844,0.963344,0.246168,0.106623,49.097813,0
9,0.874432,0.473253,0.106772,0.963344,0.246168,0.106623,49.131252,0
9,0.869964,0.480631,0.110256,0.963344,0.246168,0.106623,49.164413,0
9,0.866094,0.486828,0.113485,0.963344,0.246168,0.106623,49.197514,0
9,0.863009,0.491927,0.114998,0.963344,0.246168,0.106623,49.231430,0
9,0.861489,0.494567,0.115066,0.963344,0.246168,0.106623,49.264633,0
9,0.860105,0.496776,0.115903,0.963344,0.246168,0.106623,49.298107,0
9,0.860119,0.496933,0.115122,0.963344,0.246168,0.106623,49.331760,0
9,0.861010,0.495605,0.114178,0.963344,0.246168,0.106623,49.364819,0
9,0.861915,0.494277,0.113108,0.963344,0.246168,0.106623,49.397987,0
9,0.862495,0.493038,0.114092,0.963344,0.246168,0.106623,49.431332,0
9,0.862936,0.491972,0.115347,0.963344,0.246168,0.106623,49.464249,0
9,0.863070,0.491572,0.116050,0.963344,0.246168,0.106623,49.497711,0
9,0.863370,0.490955,0.116427,0.963344,0.246168,0.106623,49.532177,0
9,0.863836,0.490343,0.115547,0.963344,0.246168,0.106623,49.564220,0
9,0.864942,0.488603,0.114642,0.963344,0.246168,0.106623,49.597805,0
9,0.865866,0.487088,0.114110,0.963344,0.246168,0.106623,49.631046,0
9,0.866916,0.485453,0.113107,0.963344,0.246168,0.106623,49.664246,0
9,0.868352,0.483056,0.112351,0.963344,0.246168,0.106623,49.697556,0
9,0.870080,0.480258,0.110967,0.963344,0.246168,0.106623,49.730671,0
9,0.872387,0.476219,0.110254,0.963344,0.246168,0.106623,49.764133,0
9,0.874300,0.472987,0.109004,0.963344,0.246168,0.106623,49.797211,0
9,0.876013,0.470135,0.107584,0.963344,0.246168,0.106623,49.831074,0
9,0.877365,0.467385,0.108543,0.963344,0.246168,0.106623,49.863968,0
9,0.878673,0.464823,0.108961,0.963344,0.246168,0.106623,49.897274,0
9,0.879475,0.462963,0.110400,0.963344,0.246168,0.106623,49.931221,0
9,0.880185,0.461334,0.111561,0.963344,0.246168,0.106623,49.963894,0
9,0.881039,0.459616,0.111909,0.963344,0.246168,0.106623,49.997486,0
9,0.881839,0.457964,0.112381,0.963344,0.246168,0.106623,50.031105,0
9,0.882304,0.456971,0.112766,0.963344,0.246168,0.106623,50.065109,0
9,0.882560,0.456395,0.113103,0.963344,0.246168,0.106623,50.099083,0
9,0.883082,0.455449,0.112843,0.963344,0.246168,0.106623,50.132626,0
9,0.883237,0.455030,0.113311,0.963344,0.246168,0.106623,50.166958,0
9,0.883597,0.454436,0.112886,0.963344,0.246168,0.106623,50.197510,0
9,0.884110,0.453710,0.111793,0.963344,0.246168,0.106623,50.230400,0
9,0.884691,0.452746,0.111098,0.963344,0.246168,0.106623,50.263607,0
9,0.885364,0.451517,0.110739,0.963344,0.246168,0.106623,50.296768,0
9,0.885752,0.450802,0.110550,0.963344,0.246168,0.106623,50.329704,0
9,0.886354,0.449548,0.110830,0.963344,0.246168,0.106623,50.362923,0
9,0.886612,0.448962,0.111145,0.963344,0.246168,0.106623,50.396091,0
9,0.886893,0.448286,0.111632,0.963344,0.246168,0.106623,50.429871,0
9,0.887132,0.447720,0.111995,0.963344,0.246168,0.106623,50.462952,0
10,0.929105,0.358312,0.091524,0.976667,0.189044,0.101902,53.695930,0
10,0.929008,0.358593,0.091410,0.976667,0.189044,0.101902,53.730114,0
10,0.928848,0.358889,0.091868,0.976667,0.189044,0.101902,53.763680,0
10,0.928635,0.359242,0.092636,0.976667,0.189044,0.101902,53.796978,0
10,0.928451,0.359745,0.092538,0.976667,0.189044,0.101902,53.831005,0
10,0.928482,0.359841,0.091845,0.976667,0.189044,0.101902,53.864296,0
10,0.928589,0.359667,0.091442,0.976667,0.189044,0.101902,53.897270,0
10,0.928799,0.359243,0.090981,0.976667,0.189044,0.101902,53.929531,0
10,0.928854,0.359043,0.091201,0.976667,0.189044,0.101902,53.963482,0
10,0.929006,0.358466,0.091926,0.976667,0.189044,0.101902,53.996681,0
10,0.929247,0.357834,0.091951,0.976667,0.189044,0.101902,54.029572,0
10,0.930086,0.355587,0.092182,0.976667,0.189044,0.101902,54.062637,0
10,0.931417,0.352331,0.091239,0.976667,0.189044,0.101902,54.095524,0
10,0.933964,0.345896,0.089819,0.976667,0.189044,0.101902,54.127964,0
10,0.938000,0.334832,0.089680,0.976667,0.189044,0.101902,54.161488,0
10,0.943404,0.319423,0.089208,0.976667,0.189044,0.101902,54.194336,0
10,0.949905,0.299606,0.088980,0.976667,0.189044,0.101902,54.227512,0
10,0.956274,0.278679,0.088762,0.976667,0.189044,0.101902,54.262238,0
10,0.962377,0.257075,0.087997,0.976667,0.189044,0.101902,54.294498,0
10,0.968158,0.234377,0.087966,0.976667,0.189044,0.101902,54.327507,0
10,0.972305,0.216458,0.088143,0.976667,0.189044,0.101902,54.361504,0
10,0.975974,0.199197,0.088287,0.976667,0.189044,0.101902,54.395069,0
10,0.978387,0.187063,0.088124,0.976667,0.189044,0.101902,54.427788,0
10,0.980220,0.177013,0.088519,0.976667,0.189044,0.101902,54.461208,0
10,0.981358,0.170393,0.088896,0.976667,0.189044,0.101902,54.495075,0
10,0.981565,0.168775,0.089693,0.976667,0.189044,0.101902,54.528065,0
10,0.981596,0.168338,0.090178,0.976667,0.189044,0.101902,54.561024,0
10,0.981249,0.170170,0.090516,0.976667,0.189044,0.101902,54.594902,0
10,0.980697,0.173535,0.090108,0.976667,0.189044,0.101902,54.628471,0
10,0.980111,0.176984,0.089769,0.976667,0.189044,0.101902,54.661518,0
10,0.979390,0.180859,0.089922,0.976667,0.189044,0.101902,54.695572,0
10,0.978673,0.184596,0.090134,0.976667,0.189044,0.101902,54.727932,0
10,0.977856,0.188893,0.090098,0.976667,0.189044,0.101902,54.761459,0
10,0.977275,0.191601,0.090675,0.976667,0.189044,0.101902,54.794289,0
10,0.976772,0.194246,0.090472,0.976667,0.189044,0.101902,54.827785,0
10,0.976577,0.195504,0.089862,0.976667,0.189044,0.101902,54.860950,0
10,0.976364,0.196481,0.090048,0.976667,0.189044,0.101902,54.894257,0
10,0.976199,0.196964,0.090781,0.976667,0.189044,0.101902,54.928154,0
10,0.976191,0.196684,0.091469,0.976667,0.189044,0.101902,54.961365,0
10,0.976034,0.196988,0.092479,0.976667,0.189044,0.101902,54.995708,0
10,0.975979,0.197056,0.092916,0.976667,0.189044,0.101902,55.028687,0
10,0.975859,0.197952,0.092274,0.976667,0.189044,0.101902,55.062881,0
10,0.975822,0.198009,0.092539,0.976667,0.189044,0.101902,55.097900,0
10,0.975721,0.198623,0.092286,0.976667,0.189044,0.101902,55.130791,0
10,0.975615,0.199639,0.091209,0.976667,0.189044,0.101902,55.162537,0
10,0.975469,0.200573,0.090724,0.976667,0.189044,0.101902,55.194901,0
10,0.975168,0.202202,0.090338,0.976667,0.189044,0.101902,55.227989,0
10,0.974913,0.203787,0.089529,0.976667,0.189044,0.101902,55.262379,0
10,0.974577,0.205461,0.089360,0.976667,0.189044,0.101902,55.295265,0
10,0.974314,0.206618,0.089565,0.976667,0.189044,0.101902,55.327709,0
10,0.973897,0.208376,0.090028,0.976667,0.189044,0.101902,55.361816,0
10,0.973602,0.209954,0.089548,0.976667,0.189044,0.101902,55.395061,0
10,0.973173,0.211767,0.089940,0.976667,0.189044,0.101902,55.427593,0
10,0.972742,0.213573,0.090328,0.976667,0.189044,0.101902,55.461689,0
10,0.972467,0.214818,0.090339,0.976667,0.189044,0.101902,55.495300,0
10,0.972294,0.215637,0.090249,0.976667,0.189044,0.101902,55.528130,0
10,0.972173,0.216252,0.090083,0.976667,0.189044,0.101902,55.561947,0
10,0.972029,0.217218,0.089310,0.976667,0.189044,0.101902,55.595337,0
10,0.972144,0.217139,0.088243,0.976667,0.189044,0.101902,55.629776,0
10,0.972112,0.217134,0.088610,0.976667,0.189044,0.101902,55.663853,0
10,0.972044,0.217215,0.089157,0.976667,0.189044,0.101902,55.696644,0
10,0.972032,0.217482,0.088628,0.976667,0.189044,0.101902,55.730404,0
10,0.972034,0.217501,0.088557,0.976667,0.189044,0.101902,55.763218,0
10,0.971989,0.218143,0.087472,0.976667,0.189044,0.101902,55.796082,0
10,0.972020,0.218314,0.086700,0.976667,0.189044,0.101902,55.828983,0
10,0.972049,0.218696,0.085401,0.976667,0.189044,0.101902,55.862011,0
10,0.972031,0.219029,0.084745,0.976667,0.189044,0.101902,55.895302,0
10,0.971796,0.219766,0.085534,0.976667,0.189044,0.101902,55.928997,0
10,0.971332,0.221753,0.085671,0.976667,0.189044,0.101902,55.961552,0
10,0.970900,0.223573,0.085840,0.976667,0.189044,0.101902,55.994965,0
10,0.970209,0.225974,0.087353,0.976667,0.189044,0.101902,56.029064,0
10,0.969570,0.228157,0.088760,0.976667,0.189044,0.101902,56.062469,0
10,0.969023,0.230016,0.089927,0.976667,0.189044,0.101902,56.095932,0
10,0.968654,0.230855,0.091734,0.976667,0.189044,0.101902,56.129658,0
10,0.968506,0.231058,0.092780,0.976667,0.189044,0.101902,56.161579,0
10,0.968560,0.231036,0.092267,0.976667,0.189044,0.101902,56.195347,0
