1,0.998622,-0.050941,-0.012579,0.962921,0.220882,0.154901,2.898428,0
1,0.998590,-0.051316,-0.013621,0.962921,0.220882,0.154901,2.932509,0
1,0.998528,-0.052293,-0.014412,0.962921,0.220882,0.154901,2.966134,0
1,0.998492,-0.053020,-0.014205,0.962921,0.220882,0.154901,2.998509,0
1,0.998457,-0.053766,-0.013858,0.962921,0.220882,0.154901,3.031865,0
1,0.998470,-0.053230,-0.014986,0.962921,0.220882,0.154901,3.065161,0
1,0.998459,-0.053080,-0.016211,0.962921,0.220882,0.154901,3.098930,0
1,0.998467,-0.052758,-0.016714,0.962921,0.220882,0.154901,3.131806,0
1,0.998454,-0.052840,-0.017222,0.962921,0.220882,0.154901,3.166062,0
1,0.998422,-0.053200,-0.017990,0.962921,0.220882,0.154901,3.198802,0
1,0.998365,-0.054233,-0.018051,0.962921,0.220882,0.154901,3.231643,0
1,0.998312,-0.055204,-0.018030,0.962921,0.220882,0.154901,3.265047,0
1,0.998288,-0.055257,-0.019192,0.962921,0.220882,0.154901,3.298785,0
1,0.998311,-0.054490,-0.020166,0.962921,0.220882,0.154901,3.331759,0
1,0.998476,-0.051441,-0.020006,0.962921,0.220882,0.154901,3.365079,0
1,0.998832,-0.044419,-0.019042,0.962921,0.220882,0.154901,3.398397,0
1,0.999487,-0.027546,-0.016354,0.962921,0.220882,0.154901,3.431724,0
1,0.999897,0.005856,-0.013124,0.962921,0.220882,0.154901,3.465307,0
1,0.998845,0.046864,-0.010611,0.962921,0.220882,0.154901,3.498453,0
1,0.995882,0.090649,-0.001236,0.962921,0.220882,0.154901,3.531821,0
1,0.991313,0.130534,0.016138,0.962921,0.220882,0.154901,3.564854,0
1,0.985864,0.160716,0.047352,0.962921,0.220882,0.154901,3.598625,0
1,0.979947,0.184450,0.075386,0.962921,0.220882,0.154901,3.631899,0
1,0.974627,0.201338,0.097796,0.962921,0.220882,0.154901,3.665113,0
1,0.968092,0.219607,0.120711,0.962921,0.220882,0.154901,3.699057,0
1,0.958394,0.247770,0.141744,0.962921,0.220882,0.154901,3.731640,0
1,0.948527,0.274057,0.158710,0.962921,0.220882,0.154901,3.765427,0
1,0.937132,0.304603,0.170299,0.962921,0.220882,0.154901,3.798573,0
1,0.927944,0.328519,0.176054,0.962921,0.220882,0.154901,3.831641,0
1,0.925713,0.332252,0.180733,0.962921,0.220882,0.154901,3.865579,0
1,0.930173,0.317825,0.183754,0.962921,0.220882,0.154901,3.899573,0
1,0.941847,0.283640,0.180202,0.962921,0.220882,0.154901,3.932465,0
1,0.953967,0.242518,0.176443,0.962921,0.220882,0.154901,3.965258,0
1,0.962774,0.197680,0.184362,0.962921,0.220882,0.154901,3.998263,0
1,0.968836,0.152653,0.195073,0.962921,0.220882,0.154901,4.031751,0
1,0.970628,0.123092,0.206712,0.962921,0.220882,0.154901,4.064517,0
1,0.969867,0.104350,0.220156,0.962921,0.220882,0.154901,4.098324,0
1,0.968578,0.087265,0.232900,0.962921,0.220882,0.154901,4.131785,0
1,0.965271,0.083526,0.247537,0.962921,0.220882,0.154901,4.164682,0
1,0.962524,0.081925,0.258525,0.962921,0.220882,0.154901,4.198212,0
1,0.960666,0.081098,0.265601,0.962921,0.220882,0.154901,4.231769,0
1,0.959131,0.085848,0.269627,0.962921,0.220882,0.154901,4.264995,0
1,0.958996,0.089404,0.268948,0.962921,0.220882,0.154901,4.297662,0
1,0.958802,0.093648,0.268194,0.962921,0.220882,0.154901,4.330804,0
1,0.959103,0.096958,0.265934,0.962921,0.220882,0.154901,4.364344,0
1,0.960438,0.097490,0.260872,0.962921,0.220882,0.154901,4.397609,0
1,0.960135,0.097806,0.261867,0.962921,0.220882,0.154901,4.430763,0
1,0.958317,0.099276,0.267906,0.962921,0.220882,0.154901,4.464499,0
1,0.956463,0.105865,0.271975,0.962921,0.220882,0.154901,4.498222,0
1,0.953970,0.115376,0.276819,0.962921,0.220882,0.154901,4.531003,0
1,0.949858,0.129894,0.284426,0.962921,0.220882,0.154901,4.553401,0
2,0.999505,0.017305,-0.026278,0.989023,-0.059259,0.135358,7.673597,0
2,0.999505,0.016851,-0.026553,0.989023,-0.059259,0.135358,7.708329,0
2,0.999475,0.015965,-0.028209,0.989023,-0.059259,0.135358,7.741829,0
2,0.999473,0.013886,-0.029333,0.989023,-0.059259,0.135358,7.774747,0
2,0.999481,0.012871,-0.029537,0.989023,-0.059259,0.135358,7.808642,0
2,0.999493,0.013594,-0.028784,0.989023,-0.059259,0.135358,7.841831,0
2,0.999506,0.014803,-0.027730,0.989023,-0.059259,0.135358,7.874546,0
2,0.999489,0.015309,-0.028057,0.989023,-0.059259,0.135358,7.907979,0
2,0.999438,0.015037,-0.029954,0.989023,-0.059259,0.135358,7.941193,0
2,0.999380,0.013691,-0.032442,0.989023,-0.059259,0.135358,7.974798,0
2,0.999414,0.010503,-0.032564,0.989023,-0.059259,0.135358,8.007778,0
2,0.999460,0.010155,-0.031235,0.989023,-0.059259,0.135358,8.040924,0
2,0.999532,0.007573,-0.029649,0.989023,-0.059259,0.135358,8.074039,0
2,0.999690,-0.003137,-0.024707,0.989023,-0.059259,0.135358,8.107783,0
2,0.999745,-0.017939,-0.013740,0.989023,-0.059259,0.135358,8.140442,0
2,0.999170,-0.040641,0.002635,0.989023,-0.059259,0.135358,8.173638,0
2,0.997972,-0.059932,0.021431,0.989023,-0.059259,0.135358,8.207241,0
2,0.996300,-0.071581,0.047568,0.989023,-0.059259,0.135358,8.240658,0
2,0.993782,-0.085416,0.071418,0.989023,-0.059259,0.135358,8.273921,0
2,0.990274,-0.106407,0.089640,0.989023,-0.059259,0.135358,8.306958,0
2,0.986429,-0.126475,0.104696,0.989023,-0.059259,0.135358,8.340357,0
2,0.981401,-0.152851,0.116140,0.989023,-0.059259,0.135358,8.373450,0
2,0.976085,-0.175559,0.128210,0.989023,-0.059259,0.135358,8.407016,0
2,0.971509,-0.191542,0.139577,0.989023,-0.059259,0.135358,8.440147,0
2,0.968014,-0.197638,0.154560,0.989023,-0.059259,0.135358,8.473163,0
2,0.968110,-0.187152,0.166545,0.989023,-0.059259,0.135358,8.506656,0
2,0.971860,-0.161126,0.171834,0.989023,-0.059259,0.135358,8.540749,0
2,0.975547,-0.129602,0.177516,0.989023,-0.059259,0.135358,8.574327,0
2,0.978410,-0.093001,0.184567,0.989023,-0.059259,0.135358,8.607277,0
2,0.979949,-0.051895,0.192373,0.989023,-0.059259,0.135358,8.640340,0
2,0.978831,-0.009639,0.204441,0.989023,-0.059259,0.135358,8.674396,0
2,0.975579,0.028950,0.217731,0.989023,-0.059259,0.135358,8.707890,0
2,0.969943,0.068825,0.233395,0.989023,-0.059259,0.135358,8.741324,0
2,0.963304,0.107234,0.246062,0.989023,-0.059259,0.135358,8.774331,0
2,0.957094,0.132469,0.257726,0.989023,-0.059259,0.135358,8.809041,0
2,0.951367,0.155078,0.266182,0.989023,-0.059259,0.135358,8.840230,0
2,0.948307,0.168022,0.269225,0.989023,-0.059259,0.135358,8.873127,0
2,0.945187,0.177894,0.273818,0.989023,-0.059259,0.135358,8.907075,0
2,0.944949,0.175614,0.276099,0.989023,-0.059259,0.135358,8.940921,0
2,0.943865,0.166897,0.285068,0.989023,-0.059259,0.135358,8.975850,0
2,0.942652,0.157962,0.294033,0.989023,-0.059259,0.135358,9.006827,0
2,0.944066,0.143154,0.297061,0.989023,-0.059259,0.135358,9.040843,0
2,0.946509,0.117786,0.300413,0.989023,-0.059259,0.135358,9.073970,0
2,0.948943,0.087243,0.303145,0.989023,-0.059259,0.135358,9.107783,0
2,0.949165,0.066981,0.307569,0.989023,-0.059259,0.135358,9.139697,0
2,0.948165,0.048970,0.313981,0.989023,-0.059259,0.135358,9.173226,0
2,0.946571,0.041195,0.319855,0.989023,-0.059259,0.135358,9.195177,0
2,0.946451,0.035547,0.320885,0.989023,-0.059259,0.135358,9.217761,0
2,0.945520,0.032883,0.323899,0.989023,-0.059259,0.135358,9.240687,0
2,0.943673,0.034206,0.329108,0.989023,-0.059259,0.135358,9.262033,0
2,0.942276,0.033936,0.333114,0.989023,-0.059259,0.135358,9.285069,0
2,0.941748,0.032706,0.334724,0.989023,-0.059259,0.135358,9.306676,0
2,0.941830,0.028206,0.334904,0.989023,-0.059259,0.135358,9.328568,0
3,0.997072,-0.067174,-0.036544,0.992464,0.024701,0.120019,12.816216,0
3,0.997113,-0.066861,-0.035990,0.992464,0.024701,0.120019,12.850573,0
3,0.997184,-0.066129,-0.035359,0.992464,0.024701,0.120019,12.883448,0
3,0.997241,-0.065184,-0.035517,0.992464,0.024701,0.120019,12.916473,0
3,0.997161,-0.065609,-0.036953,0.992464,0.024701,0.120019,12.950079,0
3,0.997072,-0.066868,-0.037091,0.992464,0.024701,0.120019,12.983088,0
3,0.997065,-0.067476,-0.036161,0.992464,0.024701,0.120019,13.016376,0
3,0.997127,-0.067088,-0.035158,0.992464,0.024701,0.120019,13.050714,0
3,0.997227,-0.065596,-0.035136,0.992464,0.024701,0.120019,13.082811,0
3,0.997245,-0.064834,-0.036027,0.992464,0.024701,0.120019,13.116221,0
3,0.997193,-0.065337,-0.036573,0.992464,0.024701,0.120019,13.149423,0
3,0.997089,-0.067028,-0.036339,0.992464,0.024701,0.120019,13.182846,0
3,0.997271,-0.064839,-0.035306,0.992464,0.024701,0.120019,13.216105,0
3,0.997621,-0.060091,-0.033777,0.992464,0.024701,0.120019,13.249353,0
3,0.998353,-0.048379,-0.030839,0.992464,0.024701,0.120019,13.282763,0
3,0.999243,-0.026892,-0.028111,0.992464,0.024701,0.120019,13.316323,0
3,0.999812,0.003727,-0.019040,0.992464,0.024701,0.120019,13.349063,0
3,0.998784,0.049246,-0.002254,0.992464,0.024701,0.120019,13.383281,0
3,0.996019,0.087943,0.014577,0.992464,0.024701,0.120019,13.416635,0
3,0.992958,0.110748,0.042055,0.992464,0.024701,0.120019,13.449694,0
3,0.990421,0.118704,0.070542,0.992464,0.024701,0.120019,13.482688,0
3,0.989167,0.113942,0.092556,0.992464,0.024701,0.120019,13.516466,0
3,0.989096,0.083301,0.121452,0.992464,0.024701,0.120019,13.548999,0
3,0.987612,0.050120,0.148694,0.992464,0.024701,0.120019,13.582429,0
3,0.984372,0.020207,0.174937,0.992464,0.024701,0.120019,13.615910,0
3,0.978065,-0.006848,0.208187,0.992464,0.024701,0.120019,13.648959,0
3,0.971031,-0.024060,0.237741,0.992464,0.024701,0.120019,13.682220,0
3,0.963011,-0.032281,0.267521,0.992464,0.024701,0.120019,13.715674,0
3,0.956161,-0.031794,0.291110,0.992464,0.024701,0.120019,13.749833,0
3,0.950732,-0.023094,0.309153,0.992464,0.024701,0.120019,13.782434,0
3,0.945705,-0.010500,0.324857,0.992464,0.024701,0.120019,13.815681,0
3,0.940411,0.002670,0.340028,0.992464,0.024701,0.120019,13.849156,0
3,0.934905,0.015899,0.354542,0.992464,0.024701,0.120019,13.882635,0
3,0.928715,0.026880,0.369819,0.992464,0.024701,0.120019,13.917350,0
3,0.921399,0.033316,0.387186,0.992464,0.024701,0.120019,13.949317,0
3,0.916011,0.038949,0.399259,0.992464,0.024701,0.120019,13.983754,0
3,0.910795,0.048237,0.410030,0.992464,0.024701,0.120019,14.014686,0
3,0.905480,0.061203,0.419953,0.992464,0.024701,0.120019,14.048571,0
3,0.902145,0.080803,0.423798,0.992464,0.024701,0.120019,14.080701,0
3,0.898342,0.100899,0.427554,0.992464,0.024701,0.120019,14.113879,0
3,0.893549,0.121663,0.432168,0.992464,0.024701,0.120019,14.147351,0
3,0.889188,0.141365,0.435155,0.992464,0.024701,0.120019,14.180040,0
3,0.883851,0.159874,0.439600,0.992464,0.024701,0.120019,14.202079,0
3,0.880155,0.171481,0.442630,0.992464,0.024701,0.120019,14.224720,0
3,0.876850,0.182108,0.444940,0.992464,0.024701,0.120019,14.247066,0
3,0.873891,0.191476,0.446825,0.992464,0.024701,0.120019,14.269553,0
3,0.871560,0.199449,0.447888,0.992464,0.024701,0.120019,14.291415,0
3,0.871180,0.201712,0.447614,0.992464,0.024701,0.120019,14.313890,0
3,0.870656,0.200894,0.448999,0.992464,0.024701,0.120019,14.338511,0
3,0.868994,0.200321,0.452460,0.992464,0.024701,0.120019,14.358283,0
3,0.867406,0.198455,0.456314,0.992464,0.024701,0.120019,14.380523,0
3,0.865244,0.195460,0.461679,0.992464,0.024701,0.120019,14.402674,0
3,0.862355,0.190181,0.469228,0.992464,0.024701,0.120019,14.425198,0
3,0.860142,0.180881,0.476904,0.992464,0.024701,0.120019,14.447569,0
3,0.858864,0.165640,0.484681,0.992464,0.024701,0.120019,14.468904,0
3,0.859825,0.141621,0.490556,0.992464,0.024701,0.120019,14.491265,0
3,0.861403,0.114093,0.494943,0.992464,0.024701,0.120019,14.513712,0
3,0.863730,0.084954,0.496742,0.992464,0.024701,0.120019,14.535770,0
3,0.866822,0.052947,0.495799,0.992464,0.024701,0.120019,14.559340,0
3,0.870429,0.017349,0.491988,0.992464,0.024701,0.120019,14.580603,0
3,0.873980,-0.019039,0.485590,0.992464,0.024701,0.120019,14.602797,0
3,0.877190,-0.050614,0.477468,0.992464,0.024701,0.120019,14.625174,0
3,0.880865,-0.079917,0.466574,0.992464,0.024701,0.120019,14.647409,0
3,0.882865,-0.110973,0.456327,0.992464,0.024701,0.120019,14.670035,0
3,0.883843,-0.133604,0.448299,0.992464,0.024701,0.120019,14.691930,0
3,0.885799,-0.151342,0.438698,0.992464,0.024701,0.120019,14.713978,0
3,0.887140,-0.169752,0.429146,0.992464,0.024701,0.120019,14.736366,0
3,0.885892,-0.183740,0.425951,0.992464,0.024701,0.120019,14.758633,0
3,0.883264,-0.189935,0.428683,0.992464,0.024701,0.120019,14.781382,0
3,0.880760,-0.191836,0.432967,0.992464,0.024701,0.120019,14.803796,0
4,0.987800,-0.096591,0.122154,0.977196,0.173067,0.123027,17.880438,0
4,0.987681,-0.097077,0.122732,0.977196,0.173067,0.123027,17.913931,0
4,0.987626,-0.095905,0.124085,0.977196,0.173067,0.123027,17.947165,0
4,0.987543,-0.095213,0.125274,0.977196,0.173067,0.123027,17.980673,0
4,0.987636,-0.094915,0.124762,0.977196,0.173067,0.123027,18.013943,0
4,0.987870,-0.095850,0.122170,0.977196,0.173067,0.123027,18.047449,0
4,0.987930,-0.097458,0.120400,0.977196,0.173067,0.123027,18.080130,0
4,0.987757,-0.098561,0.120922,0.977196,0.173067,0.123027,18.113483,0
4,0.987505,-0.098113,0.123316,0.977196,0.173067,0.123027,18.147127,0
4,0.987557,-0.096032,0.124536,0.977196,0.173067,0.123027,18.180826,0
4,0.987883,-0.094155,0.123376,0.977196,0.173067,0.123027,18.213591,0
4,0.988367,-0.092822,0.120480,0.977196,0.173067,0.123027,18.247189,0
4,0.988719,-0.091058,0.118929,0.977196,0.173067,0.123027,18.280310,0
4,0.989267,-0.085964,0.118157,0.977196,0.173067,0.123027,18.313883,0
4,0.990266,-0.077023,0.115932,0.977196,0.173067,0.123027,18.347130,0
4,0.991309,-0.065453,0.114118,0.977196,0.173067,0.123027,18.380262,0
4,0.992472,-0.053398,0.110214,0.977196,0.173067,0.123027,18.413504,0
4,0.993757,-0.037675,0.105013,0.977196,0.173067,0.123027,18.447130,0
4,0.994955,-0.021803,0.097927,0.977196,0.173067,0.123027,18.480494,0
4,0.995582,-0.009868,0.093379,0.977196,0.173067,0.123027,18.513763,0
4,0.995927,-0.001983,0.090146,0.977196,0.173067,0.123027,18.548248,0
4,0.996430,0.000259,0.084426,0.977196,0.173067,0.123027,18.579836,0
4,0.997225,0.000359,0.074450,0.977196,0.173067,0.123027,18.612976,0
4,0.998108,0.004349,0.061330,0.977196,0.173067,0.123027,18.646706,0
4,0.998242,0.022873,0.054682,0.977196,0.173067,0.123027,18.680002,0
4,0.996966,0.046609,0.062349,0.977196,0.173067,0.123027,18.713402,0
4,0.993712,0.077054,0.081229,0.977196,0.173067,0.123027,18.748121,0
4,0.988334,0.108161,0.107221,0.977196,0.173067,0.123027,18.780025,0
4,0.981433,0.139654,0.131474,0.977196,0.173067,0.123027,18.812181,0
4,0.973616,0.168503,0.153876,0.977196,0.173067,0.123027,18.846420,0
4,0.965441,0.190857,0.177475,0.977196,0.173067,0.123027,18.878939,0
4,0.956957,0.205507,0.204939,0.977196,0.173067,0.123027,18.912472,0
4,0.949422,0.213488,0.230264,0.977196,0.173067,0.123027,18.945585,0
4,0.942709,0.208058,0.260790,0.977196,0.173067,0.123027,18.979221,0
4,0.937792,0.199401,0.284229,0.977196,0.173067,0.123027,19.012085,0
4,0.934869,0.192443,0.298305,0.977196,0.173067,0.123027,19.045670,0
4,0.932488,0.179829,0.313252,0.977196,0.173067,0.123027,19.079082,0
4,0.928792,0.164636,0.332025,0.977196,0.173067,0.123027,19.111696,0
4,0.925626,0.151965,0.346587,0.977196,0.173067,0.123027,19.145487,0
4,0.923257,0.131199,0.361086,0.977196,0.173067,0.123027,19.178839,0
4,0.918380,0.111984,0.379522,0.977196,0.173067,0.123027,19.211689,0
4,0.913444,0.090094,0.396867,0.977196,0.173067,0.123027,19.245823,0
4,0.907233,0.070644,0.414654,0.977196,0.173067,0.123027,19.279421,0
4,0.903371,0.060451,0.424579,0.977196,0.173067,0.123027,19.313084,0
5,0.995662,-0.075179,0.054823,0.987198,0.072058,0.142295,22.377869,0
5,0.995766,-0.074766,0.053487,0.987198,0.072058,0.142295,22.411726,0
5,0.995763,-0.075699,0.052205,0.987198,0.072058,0.142295,22.444578,0
5,0.995743,-0.076833,0.050907,0.987198,0.072058,0.142295,22.478909,0
5,0.995651,-0.077408,0.051846,0.987198,0.072058,0.142295,22.511501,0
5,0.995661,-0.076411,0.053105,0.987198,0.072058,0.142295,22.545052,0
5,0.995661,-0.076414,0.053095,0.987198,0.072058,0.142295,22.578283,0
5,0.995750,-0.076264,0.051633,0.987198,0.072058,0.142295,22.611658,0
5,0.995740,-0.076811,0.051014,0.987198,0.072058,0.142295,22.645674,0
5,0.995718,-0.077339,0.050642,0.987198,0.072058,0.142295,22.679071,0
5,0.995706,-0.077117,0.051209,0.987198,0.072058,0.142295,22.711081,0
5,0.995832,-0.074536,0.052571,0.987198,0.072058,0.142295,22.744667,0
5,0.996045,-0.071963,0.052105,0.987198,0.072058,0.142295,22.777882,0
5,0.996485,-0.064883,0.052991,0.987198,0.072058,0.142295,22.812119,0
5,0.997145,-0.049541,0.056988,0.987198,0.072058,0.142295,22.844965,0
5,0.997753,-0.017392,0.064697,0.987198,0.072058,0.142295,22.878288,0
5,0.997428,0.017075,0.069612,0.987198,0.072058,0.142295,22.911175,0
5,0.995774,0.054169,0.074160,0.987198,0.072058,0.142295,22.944452,0
5,0.992896,0.088908,0.079080,0.987198,0.072058,0.142295,22.978016,0
5,0.989439,0.115215,0.087957,0.987198,0.072058,0.142295,23.011307,0
5,0.985135,0.134519,0.106836,0.987198,0.072058,0.142295,23.044907,0
5,0.981865,0.144624,0.122578,0.987198,0.072058,0.142295,23.078478,0
5,0.979908,0.146630,0.135204,0.987198,0.072058,0.142295,23.111113,0
5,0.978604,0.143478,0.147472,0.987198,0.072058,0.142295,23.144489,0
5,0.978845,0.130619,0.157486,0.987198,0.072058,0.142295,23.177797,0
5,0.978319,0.107344,0.177114,0.987198,0.072058,0.142295,23.210594,0
5,0.976874,0.087644,0.195030,0.987198,0.072058,0.142295,23.244822,0
5,0.974825,0.075757,0.209705,0.987198,0.072058,0.142295,23.277891,0
5,0.971787,0.073233,0.224203,0.987198,0.072058,0.142295,23.310757,0
5,0.968555,0.075648,0.237020,0.987198,0.072058,0.142295,23.343908,0
5,0.963345,0.081894,0.255462,0.987198,0.072058,0.142295,23.377876,0
5,0.958814,0.089409,0.269594,0.987198,0.072058,0.142295,23.410677,0
5,0.955094,0.098646,0.279400,0.987198,0.072058,0.142295,23.444002,0
5,0.950748,0.105400,0.291495,0.987198,0.072058,0.142295,23.477247,0
5,0.947917,0.109143,0.299234,0.987198,0.072058,0.142295,23.510555,0
5,0.946931,0.108838,0.302451,0.987198,0.072058,0.142295,23.543852,0
5,0.945899,0.101904,0.308045,0.987198,0.072058,0.142295,23.577497,0
5,0.944678,0.094469,0.314099,0.987198,0.072058,0.142295,23.610809,0
5,0.943959,0.087449,0.318267,0.987198,0.072058,0.142295,23.643913,0
5,0.943262,0.081119,0.321989,0.987198,0.072058,0.142295,23.677652,0
5,0.943068,0.070574,0.325026,0.987198,0.072058,0.142295,23.710510,0
5,0.941561,0.063758,0.330754,0.987198,0.072058,0.142295,23.744371,0
5,0.941074,0.056862,0.333387,0.987198,0.072058,0.142295,23.766264,0
5,0.940755,0.050545,0.335299,0.987198,0.072058,0.142295,23.789410,0
5,0.939054,0.045835,0.340700,0.987198,0.072058,0.142295,23.811197,0
5,0.936671,0.039990,0.347921,0.987198,0.072058,0.142295,23.833395,0
5,0.934781,0.031368,0.353837,0.987198,0.072058,0.142295,23.855663,0
5,0.932350,0.020800,0.360958,0.987198,0.072058,0.142295,23.877665,0
5,0.929795,0.009583,0.367953,0.987198,0.072058,0.142295,23.900307,0
6,0.988698,-0.149238,-0.014279,0.856389,-0.495261,0.145997,27.141878,0
6,0.988677,-0.149311,-0.014996,0.856389,-0.495261,0.145997,27.176422,0
6,0.988715,-0.148999,-0.015552,0.856389,-0.495261,0.145997,27.209019,0
6,0.988838,-0.148080,-0.016482,0.856389,-0.495261,0.145997,27.242914,0
6,0.988765,-0.148553,-0.016594,0.856389,-0.495261,0.145997,27.275871,0
6,0.988700,-0.149108,-0.015471,0.856389,-0.495261,0.145997,27.309038,0
6,0.988851,-0.148231,-0.014175,0.856389,-0.495261,0.145997,27.342243,0
6,0.989037,-0.147107,-0.012853,0.856389,-0.495261,0.145997,27.376543,0
6,0.989166,-0.146225,-0.012964,0.856389,-0.495261,0.145997,27.408758,0
6,0.989155,-0.146176,-0.014324,0.856389,-0.495261,0.145997,27.442333,0
6,0.988973,-0.147379,-0.014578,0.856389,-0.495261,0.145997,27.475241,0
6,0.988775,-0.148627,-0.015301,0.856389,-0.495261,0.145997,27.508942,0
6,0.987989,-0.153692,-0.016044,0.856389,-0.495261,0.145997,27.541876,0
6,0.986050,-0.165906,-0.013413,0.856389,-0.495261,0.145997,27.576021,0
6,0.981405,-0.191674,-0.010292,0.856389,-0.495261,0.145997,27.609171,0
6,0.974796,-0.223085,-0.002518,0.856389,-0.495261,0.145997,27.642754,0
6,0.968019,-0.250611,0.011531,0.856389,-0.495261,0.145997,27.676514,0
6,0.960657,-0.276158,0.029597,0.856389,-0.495261,0.145997,27.709358,0
6,0.954452,-0.294651,0.046939,0.856389,-0.495261,0.145997,27.742414,0
6,0.950210,-0.305203,0.062867,0.856389,-0.495261,0.145997,27.775167,0
6,0.946776,-0.311186,0.082330,0.856389,-0.495261,0.145997,27.809521,0
6,0.943487,-0.316334,0.098819,0.856389,-0.495261,0.145997,27.842093,0
6,0.939397,-0.323825,0.112566,0.856389,-0.495261,0.145997,27.875599,0
6,0.932886,-0.336746,0.127773,0.856389,-0.495261,0.145997,27.909235,0
6,0.925725,-0.351380,0.139874,0.856389,-0.495261,0.145997,27.942072,0
6,0.917245,-0.369557,0.148623,0.856389,-0.495261,0.145997,27.975456,0
6,0.909529,-0.385231,0.156059,0.856389,-0.495261,0.145997,28.009121,0
6,0.897233,-0.412462,0.157633,0.856389,-0.495261,0.145997,28.042101,0
6,0.883728,-0.438678,0.163053,0.856389,-0.495261,0.145997,28.075884,0
6,0.875557,-0.452298,0.169783,0.856389,-0.495261,0.145997,28.108965,0
6,0.871241,-0.454983,0.184200,0.856389,-0.495261,0.145997,28.142187,0
6,0.872307,-0.444726,0.203221,0.856389,-0.495261,0.145997,28.177069,0
6,0.872582,-0.435096,0.222019,0.856389,-0.495261,0.145997,28.208788,0
6,0.870533,-0.426121,0.246156,0.856389,-0.495261,0.145997,28.242414,0
6,0.869534,-0.412201,0.272031,0.856389,-0.495261,0.145997,28.275389,0
6,0.870168,-0.395927,0.293343,0.856389,-0.495261,0.145997,28.308702,0
6,0.868856,-0.382746,0.313999,0.856389,-0.495261,0.145997,28.342775,0
6,0.863942,-0.373911,0.337334,0.856389,-0.495261,0.145997,28.375172,0
6,0.862644,-0.359321,0.355997,0.856389,-0.495261,0.145997,28.409115,0
6,0.865911,-0.335000,0.371449,0.856389,-0.495261,0.145997,28.442118,0
6,0.867505,-0.312823,0.386752,0.856389,-0.495261,0.145997,28.475054,0
6,0.867580,-0.295410,0.400047,0.856389,-0.495261,0.145997,28.508789,0
6,0.867824,-0.281654,0.409332,0.856389,-0.495261,0.145997,28.541800,0
6,0.866980,-0.276090,0.414873,0.856389,-0.495261,0.145997,28.575205,0
6,0.864978,-0.276331,0.418872,0.856389,-0.495261,0.145997,28.608267,0
6,0.860559,-0.284464,0.422513,0.856389,-0.495261,0.145997,28.641613,0
6,0.854059,-0.297747,0.426533,0.856389,-0.495261,0.145997,28.674765,0
6,0.847204,-0.314045,0.428512,0.856389,-0.495261,0.145997,28.708279,0
6,0.840064,-0.330357,0.430298,0.856389,-0.495261,0.145997,28.741714,0
6,0.831822,-0.351028,0.429943,0.856389,-0.495261,0.145997,28.763657,0
6,0.827193,-0.362716,0.429172,0.856389,-0.495261,0.145997,28.786226,0
6,0.822776,-0.375416,0.426734,0.856389,-0.495261,0.145997,28.808414,0
6,0.816085,-0.392174,0.424504,0.856389,-0.495261,0.145997,28.830687,0
6,0.809557,-0.406008,0.423999,0.856389,-0.495261,0.145997,28.853334,0
6,0.802926,-0.419856,0.423120,0.856389,-0.495261,0.145997,28.874821,0
6,0.796412,-0.432848,0.422340,0.856389,-0.495261,0.145997,28.898867,0
6,0.791252,-0.441392,0.423193,0.856389,-0.495261,0.145997,28.919636,0
6,0.786140,-0.448696,0.425036,0.856389,-0.495261,0.145997,28.941566,0
6,0.778280,-0.462421,0.424792,0.856389,-0.495261,0.145997,28.963512,0
6,0.769890,-0.476473,0.424550,0.856389,-0.495261,0.145997,28.985909,0
6,0.764852,-0.484964,0.424042,0.856389,-0.495261,0.145997,29.007988,0
7,0.966653,-0.242408,-0.082587,0.950812,0.284761,0.121932,32.583733,0
7,0.966124,-0.244133,-0.083682,0.950812,0.284761,0.121932,32.617714,0
7,0.966138,-0.244895,-0.081263,0.950812,0.284761,0.121932,32.651031,0
7,0.966668,-0.243502,-0.079122,0.950812,0.284761,0.121932,32.684425,0
7,0.967299,-0.241283,-0.078202,0.950812,0.284761,0.121932,32.717766,0
7,0.967498,-0.240154,-0.079208,0.950812,0.284761,0.121932,32.751369,0
7,0.967187,-0.240784,-0.081073,0.950812,0.284761,0.121932,32.784252,0
7,0.966782,-0.241971,-0.082351,0.950812,0.284761,0.121932,32.818016,0
7,0.966711,-0.242985,-0.080178,0.950812,0.284761,0.121932,32.851303,0
7,0.966936,-0.242490,-0.078954,0.950812,0.284761,0.121932,32.884243,0
7,0.967963,-0.238849,-0.077460,0.950812,0.284761,0.121932,32.917747,0
7,0.969361,-0.233008,-0.077757,0.950812,0.284761,0.121932,32.951298,0
7,0.973182,-0.218072,-0.073219,0.950812,0.284761,0.121932,32.984646,0
7,0.979205,-0.191679,-0.066465,0.950812,0.284761,0.121932,33.017899,0
7,0.986105,-0.156528,-0.055647,0.950812,0.284761,0.121932,33.050976,0
7,0.993321,-0.108431,-0.039440,0.950812,0.284761,0.121932,33.084263,0
7,0.998090,-0.058150,-0.020876,0.950812,0.284761,0.121932,33.117889,0
7,0.999998,-0.000036,0.002071,0.950812,0.284761,0.121932,33.151012,0
7,0.998502,0.051155,0.019410,0.950812,0.284761,0.121932,33.184814,0
7,0.995689,0.083316,0.040771,0.950812,0.284761,0.121932,33.217793,0
7,0.992100,0.103445,0.070963,0.950812,0.284761,0.121932,33.250629,0
7,0.988350,0.114682,0.100061,0.950812,0.284761,0.121932,33.284512,0
7,0.984801,0.122406,0.123223,0.950812,0.284761,0.121932,33.317787,0
7,0.980948,0.124118,0.149452,0.950812,0.284761,0.121932,33.351292,0
7,0.976817,0.120868,0.176690,0.950812,0.284761,0.121932,33.384235,0
7,0.973511,0.120447,0.194343,0.950812,0.284761,0.121932,33.418091,0
7,0.969114,0.121395,0.214666,0.950812,0.284761,0.121932,33.450832,0
7,0.964808,0.119940,0.234008,0.950812,0.284761,0.121932,33.484447,0
7,0.959322,0.117051,0.256904,0.950812,0.284761,0.121932,33.517841,0
7,0.954264,0.112993,0.276791,0.950812,0.284761,0.121932,33.550961,0
7,0.950317,0.107715,0.292055,0.950812,0.284761,0.121932,33.584190,0
7,0.946719,0.097405,0.306977,0.950812,0.284761,0.121932,33.617905,0
7,0.941344,0.082553,0.327195,0.950812,0.284761,0.121932,33.650780,0
7,0.937989,0.063177,0.340859,0.950812,0.284761,0.121932,33.684357,0
7,0.935873,0.038714,0.350205,0.950812,0.284761,0.121932,33.717922,0
7,0.932233,0.012188,0.361653,0.950812,0.284761,0.121932,33.750782,0
7,0.929224,-0.015617,0.369186,0.950812,0.284761,0.121932,33.784386,0
7,0.927023,-0.040170,0.372846,0.950812,0.284761,0.121932,33.817474,0
7,0.922900,-0.064819,0.379546,0.950812,0.284761,0.121932,33.850739,0
7,0.917486,-0.085445,0.388483,0.950812,0.284761,0.121932,33.884148,0
7,0.914099,-0.092989,0.394686,0.950812,0.284761,0.121932,33.917580,0
7,0.911984,-0.085943,0.401121,0.950812,0.284761,0.121932,33.950764,0
7,0.911192,-0.065472,0.406745,0.950812,0.284761,0.121932,33.983917,0
7,0.910944,-0.035621,0.410990,0.950812,0.284761,0.121932,34.017769,0
7,0.909165,-0.002256,0.416430,0.950812,0.284761,0.121932,34.039577,0
7,0.907496,0.020218,0.419573,0.950812,0.284761,0.121932,34.062332,0
7,0.905240,0.042521,0.422767,0.950812,0.284761,0.121932,34.084461,0
7,0.902609,0.066179,0.425345,0.950812,0.284761,0.121932,34.106281,0
7,0.899315,0.090015,0.427936,0.950812,0.284761,0.121932,34.129223,0
7,0.896052,0.112660,0.429416,0.950812,0.284761,0.121932,34.151199,0
7,0.892670,0.135688,0.429801,0.950812,0.284761,0.121932,34.172585,0
7,0.888525,0.161363,0.429518,0.950812,0.284761,0.121932,34.195992,0
7,0.884841,0.188014,0.426271,0.950812,0.284761,0.121932,34.217030,0
7,0.880985,0.212377,0.422801,0.950812,0.284761,0.121932,34.239353,0
7,0.875269,0.241444,0.419056,0.950812,0.284761,0.121932,34.261105,0
7,0.868169,0.275395,0.412844,0.950812,0.284761,0.121932,34.283348,0
7,0.861677,0.305439,0.405239,0.950812,0.284761,0.121932,34.305935,0
7,0.855226,0.331068,0.398725,0.950812,0.284761,0.121932,34.328007,0
7,0.847908,0.354068,0.394574,0.950812,0.284761,0.121932,34.350815,0
7,0.841183,0.376499,0.388149,0.950812,0.284761,0.121932,34.372475,0
7,0.834354,0.394615,0.384879,0.950812,0.284761,0.121932,34.394421,0
7,0.827449,0.409873,0.383840,0.950812,0.284761,0.121932,34.417416,0
7,0.822107,0.421677,0.382530,0.950812,0.284761,0.121932,34.439011,0
7,0.819262,0.427656,0.381995,0.950812,0.284761,0.121932,34.461029,0
7,0.817880,0.428437,0.384076,0.950812,0.284761,0.121932,34.483086,0
7,0.818192,0.424862,0.387368,0.950812,0.284761,0.121932,34.505386,0
7,0.820462,0.417685,0.390361,0.950812,0.284761,0.121932,34.528412,0
7,0.823338,0.409143,0.393341,0.950812,0.284761,0.121932,34.550240,0
7,0.826124,0.400779,0.396100,0.950812,0.284761,0.121932,34.572281,0
7,0.828355,0.394748,0.397494,0.950812,0.284761,0.121932,34.595268,0
7,0.831016,0.389719,0.396902,0.950812,0.284761,0.121932,34.616657,0
7,0.834787,0.382517,0.395993,0.950812,0.284761,0.121932,34.639046,0
7,0.838124,0.375710,0.395463,0.950812,0.284761,0.121932,34.660965,0
7,0.841182,0.371402,0.393031,0.950812,0.284761,0.121932,34.683720,0
7,0.845192,0.365436,0.390009,0.950812,0.284761,0.121932,34.706486,0
7,0.848558,0.359861,0.387877,0.950812,0.284761,0.121932,34.727974,0
7,0.850249,0.356991,0.386826,0.950812,0.284761,0.121932,34.750156,0
7,0.850769,0.355984,0.386611,0.950812,0.284761,0.121932,34.772270,0
7,0.853103,0.351299,0.385751,0.950812,0.284761,0.121932,34.794006,0
7,0.854312,0.348007,0.386059,0.950812,0.284761,0.121932,34.816532,0
7,0.854553,0.346753,0.386655,0.950812,0.284761,0.121932,34.838696,0
7,0.855956,0.343947,0.386057,0.950812,0.284761,0.121932,34.860840,0
7,0.857928,0.340035,0.385143,0.950812,0.284761,0.121932,34.882542,0
7,0.859483,0.336432,0.384841,0.950812,0.284761,0.121932,34.905693,0
7,0.860329,0.332914,0.386009,0.950812,0.284761,0.121932,34.927887,0
7,0.861183,0.327479,0.388745,0.950812,0.284761,0.121932,34.950161,0
8,0.995650,-0.091412,0.018031,0.964567,-0.242340,0.104318,38.559555,0
8,0.995618,-0.091972,0.016931,0.964567,-0.242340,0.104318,38.593422,0
8,0.995488,-0.093336,0.017100,0.964567,-0.242340,0.104318,38.626415,0
8,0.995432,-0.093733,0.018167,0.964567,-0.242340,0.104318,38.658951,0
8,0.995457,-0.093461,0.018198,0.964567,-0.242340,0.104318,38.692459,0
8,0.995437,-0.093860,0.017173,0.964567,-0.242340,0.104318,38.726078,0
8,0.995369,-0.094875,0.015484,0.964567,-0.242340,0.104318,38.759430,0
8,0.995173,-0.096937,0.015302,0.964567,-0.242340,0.104318,38.792561,0
8,0.995114,-0.097273,0.016935,0.964567,-0.242340,0.104318,38.826679,0
8,0.995146,-0.096500,0.019285,0.964567,-0.242340,0.104318,38.858944,0
8,0.995203,-0.095492,0.021256,0.964567,-0.242340,0.104318,38.893040,0
8,0.995354,-0.094055,0.020597,0.964567,-0.242340,0.104318,38.926167,0
8,0.995303,-0.095126,0.017962,0.964567,-0.242340,0.104318,38.959030,0
8,0.994807,-0.099552,0.021190,0.964567,-0.242340,0.104318,38.992737,0
8,0.993578,-0.110293,0.025267,0.964567,-0.242340,0.104318,39.025681,0
8,0.991223,-0.128161,0.032447,0.964567,-0.242340,0.104318,39.059864,0
8,0.987758,-0.151235,0.038248,0.964567,-0.242340,0.104318,39.092655,0
8,0.983056,-0.177951,0.043975,0.964567,-0.242340,0.104318,39.126286,0
8,0.977567,-0.203204,0.055412,0.964567,-0.242340,0.104318,39.159115,0
8,0.971906,-0.224928,0.069330,0.964567,-0.242340,0.104318,39.192425,0
8,0.966313,-0.243460,0.083468,0.964567,-0.242340,0.104318,39.227543,0
8,0.961081,-0.257449,0.100211,0.964567,-0.242340,0.104318,39.258083,0
8,0.956970,-0.263292,0.122006,0.964567,-0.242340,0.104318,39.291424,0
8,0.955445,-0.256147,0.146674,0.964567,-0.242340,0.104318,39.325005,0
8,0.955743,-0.239833,0.170400,0.964567,-0.242340,0.104318,39.357727,0
8,0.956479,-0.217060,0.195018,0.964567,-0.242340,0.104318,39.391186,0
8,0.957048,-0.191596,0.217600,0.964567,-0.242340,0.104318,39.425308,0
8,0.957677,-0.162227,0.237777,0.964567,-0.242340,0.104318,39.457611,0
8,0.958467,-0.133249,0.252163,0.964567,-0.242340,0.104318,39.490704,0
8,0.958002,-0.101967,0.268020,0.964567,-0.242340,0.104318,39.523945,0
8,0.955684,-0.071826,0.285499,0.964567,-0.242340,0.104318,39.557987,0
8,0.952896,-0.047364,0.299577,0.964567,-0.242340,0.104318,39.591007,0
8,0.948868,-0.025315,0.314655,0.964567,-0.242340,0.104318,39.623974,0
8,0.944187,-0.009359,0.329276,0.964567,-0.242340,0.104318,39.658024,0
8,0.940264,0.000526,0.340446,0.964567,-0.242340,0.104318,39.690639,0
8,0.935355,0.004480,0.353683,0.964567,-0.242340,0.104318,39.724537,0
8,0.930246,-0.003226,0.366922,0.964567,-0.242340,0.104318,39.757996,0
8,0.925875,-0.015703,0.377505,0.964567,-0.242340,0.104318,39.790745,0
8,0.922331,-0.035629,0.384754,0.964567,-0.242340,0.104318,39.824127,0
8,0.916721,-0.059951,0.395005,0.964567,-0.242340,0.104318,39.858112,0
8,0.910216,-0.091376,0.403928,0.964567,-0.242340,0.104318,39.890915,0
8,0.901374,-0.125637,0.414415,0.964567,-0.242340,0.104318,39.924267,0
8,0.893581,-0.149496,0.423279,0.964567,-0.242340,0.104318,39.957550,0
8,0.888337,-0.167986,0.427361,0.964567,-0.242340,0.104318,39.979721,0
8,0.885838,-0.175511,0.429519,0.964567,-0.242340,0.104318,40.001648,0
8,0.884720,-0.178242,0.430697,0.964567,-0.242340,0.104318,40.023911,0
8,0.884211,-0.179643,0.431161,0.964567,-0.242340,0.104318,40.046803,0
8,0.883097,-0.182983,0.432038,0.964567,-0.242340,0.104318,40.068470,0
8,0.881368,-0.183395,0.435380,0.964567,-0.242340,0.104318,40.090675,0
8,0.879950,-0.180574,0.439409,0.964567,-0.242340,0.104318,40.112633,0
8,0.878335,-0.177643,0.443814,0.964567,-0.242340,0.104318,40.135044,0
8,0.876687,-0.174177,0.448421,0.964567,-0.242340,0.104318,40.157959,0
8,0.875806,-0.170318,0.451614,0.964567,-0.242340,0.104318,40.179497,0
8,0.876014,-0.166921,0.452478,0.964567,-0.242340,0.104318,40.201870,0
8,0.875718,-0.166503,0.453206,0.964567,-0.242340,0.104318,40.224327,0
8,0.874271,-0.168356,0.455310,0.964567,-0.242340,0.104318,40.247459,0
8,0.871765,-0.172171,0.458676,0.964567,-0.242340,0.104318,40.270309,0
8,0.869599,-0.175121,0.461661,0.964567,-0.242340,0.104318,40.292233,0
8,0.868100,-0.177261,0.463661,0.964567,-0.242340,0.104318,40.314156,0
8,0.866071,-0.178893,0.466817,0.964567,-0.242340,0.104318,40.336613,0
8,0.863701,-0.183328,0.469480,0.964567,-0.242340,0.104318,40.358673,0
8,0.860166,-0.192889,0.472132,0.964567,-0.242340,0.104318,40.381001,0
8,0.854917,-0.203964,0.476986,0.964567,-0.242340,0.104318,40.403042,0
8,0.848953,-0.215351,0.482600,0.964567,-0.242340,0.104318,40.425400,0
8,0.843247,-0.227994,0.486778,0.964567,-0.242340,0.104318,40.447533,0
8,0.836976,-0.243436,0.490112,0.964567,-0.242340,0.104318,40.470074,0
8,0.831268,-0.257156,0.492813,0.964567,-0.242340,0.104318,40.491596,0
8,0.825896,-0.270318,0.494798,0.964567,-0.242340,0.104318,40.514168,0
8,0.817920,-0.292075,0.495680,0.964567,-0.242340,0.104318,40.536781,0
9,0.982298,-0.187328,-0.000019,0.857562,0.495356,0.138597,44.421085,0
9,0.982076,-0.188487,0.000028,0.857562,0.495356,0.138597,44.455566,0
9,0.981790,-0.189972,0.000346,0.857562,0.495356,0.138597,44.489159,0
9,0.981744,-0.190203,0.000862,0.857562,0.495356,0.138597,44.521736,0
9,0.981797,-0.189934,0.000500,0.857562,0.495356,0.138597,44.555523,0
9,0.981809,-0.189871,0.000507,0.857562,0.495356,0.138597,44.587894,0
9,0.981692,-0.190474,-0.000667,0.857562,0.495356,0.138597,44.621025,0
9,0.981504,-0.191440,-0.001196,0.857562,0.495356,0.138597,44.654575,0
9,0.981407,-0.191939,-0.000118,0.857562,0.495356,0.138597,44.687992,0
9,0.981625,-0.190814,0.001362,0.857562,0.495356,0.138597,44.721615,0
9,0.982361,-0.186981,0.002290,0.857562,0.495356,0.138597,44.754704,0
9,0.984391,-0.175944,0.004148,0.857562,0.495356,0.138597,44.787991,0
9,0.987675,-0.156392,0.006358,0.857562,0.495356,0.138597,44.821072,0
9,0.991278,-0.131196,0.012452,0.857562,0.495356,0.138597,44.854389,0
9,0.995507,-0.092886,0.018389,0.857562,0.495356,0.138597,44.888367,0
9,0.998610,-0.046954,0.023933,0.857562,0.495356,0.138597,44.921574,0
9,0.999448,-0.002619,0.033129,0.857562,0.495356,0.138597,44.954529,0
9,0.998546,0.035055,0.040952,0.857562,0.495356,0.138597,44.987778,0
9,0.996673,0.067263,0.046032,0.857562,0.495356,0.138597,45.021145,0
9,0.994221,0.091449,0.056226,0.857562,0.495356,0.138597,45.054840,0
9,0.991167,0.108620,0.076089,0.857562,0.495356,0.138597,45.088104,0
9,0.988194,0.120486,0.094633,0.857562,0.495356,0.138597,45.121021,0
9,0.984961,0.128081,0.115959,0.857562,0.495356,0.138597,45.155369,0
9,0.981776,0.132872,0.135874,0.857562,0.495356,0.138597,45.188034,0
9,0.978297,0.139237,0.153453,0.857562,0.495356,0.138597,45.221653,0
9,0.974376,0.143891,0.172875,0.857562,0.495356,0.138597,45.254787,0
9,0.969607,0.150654,0.192782,0.857562,0.495356,0.138597,45.288467,0
9,0.964522,0.154910,0.213777,0.857562,0.495356,0.138597,45.321316,0
9,0.958902,0.156137,0.236914,0.857562,0.495356,0.138597,45.355274,0
9,0.952304,0.156682,0.261857,0.857562,0.495356,0.138597,45.388210,0
9,0.946850,0.157820,0.280300,0.857562,0.495356,0.138597,45.422291,0
9,0.940864,0.156500,0.300472,0.857562,0.495356,0.138597,45.456070,0
9,0.933007,0.155070,0.324733,0.857562,0.495356,0.138597,45.488811,0
9,0.924875,0.153495,0.347916,0.857562,0.495356,0.138597,45.522255,0
9,0.915843,0.155643,0.370144,0.857562,0.495356,0.138597,45.556141,0
9,0.906323,0.161480,0.390516,0.857562,0.495356,0.138597,45.589005,0
9,0.896957,0.175655,0.405727,0.857562,0.495356,0.138597,45.622559,0
9,0.888032,0.202709,0.412684,0.857562,0.495356,0.138597,45.655891,0
9,0.879138,0.232755,0.415862,0.857562,0.495356,0.138597,45.688618,0
9,0.870078,0.260867,0.418226,0.857562,0.495356,0.138597,45.722126,0
9,0.862313,0.287090,0.417127,0.857562,0.495356,0.138597,45.756081,0
9,0.855374,0.309749,0.415199,0.857562,0.495356,0.138597,45.788971,0
9,0.848798,0.334482,0.409468,0.857562,0.495356,0.138597,45.822662,0
9,0.846227,0.355625,0.396776,0.857562,0.495356,0.138597,45.844254,0
9,0.845366,0.367314,0.387862,0.857562,0.495356,0.138597,45.866631,0
9,0.844512,0.377463,0.379896,0.857562,0.495356,0.138597,45.889317,0
9,0.844112,0.385479,0.372667,0.857562,0.495356,0.138597,45.910942,0
9,0.845044,0.390785,0.364948,0.857562,0.495356,0.138597,45.933109,0
9,0.846390,0.393850,0.358478,0.857562,0.495356,0.138597,45.956345,0
9,0.847613,0.394583,0.354762,0.857562,0.495356,0.138597,45.978477,0
9,0.848825,0.395028,0.351354,0.857562,0.495356,0.138597,46.001183,0
9,0.851108,0.392776,0.348341,0.857562,0.495356,0.138597,46.022881,0
9,0.854324,0.388338,0.345433,0.857562,0.495356,0.138597,46.045994,0
9,0.857226,0.385091,0.341860,0.857562,0.495356,0.138597,46.067383,0
9,0.860671,0.382206,0.336399,0.857562,0.495356,0.138597,46.090015,0
9,0.864816,0.377826,0.330667,0.857562,0.495356,0.138597,46.110619,0
9,0.868381,0.374837,0.324671,0.857562,0.495356,0.138597,46.132713,0
9,0.872835,0.372487,0.315297,0.857562,0.495356,0.138597,46.155003,0
9,0.877647,0.371042,0.303421,0.857562,0.495356,0.138597,46.177921,0
9,0.880598,0.371303,0.294415,0.857562,0.495356,0.138597,46.199348,0
9,0.881902,0.374685,0.286110,0.857562,0.495356,0.138597,46.221195,0
9,0.882797,0.381494,0.274101,0.857562,0.495356,0.138597,46.243519,0
9,0.884988,0.387495,0.258152,0.857562,0.495356,0.138597,46.266132,0
9,0.887550,0.393549,0.239528,0.857562,0.495356,0.138597,46.287876,0
9,0.889629,0.398420,0.223207,0.857562,0.495356,0.138597,46.310253,0
9,0.891682,0.404833,0.202517,0.857562,0.495356,0.138597,46.332451,0
10,0.999809,-0.009817,-0.016878,0.991221,0.047248,0.123483,49.553417,0
10,0.999821,-0.009887,-0.016114,0.991221,0.047248,0.123483,49.587574,0
10,0.999826,-0.009028,-0.016331,0.991221,0.047248,0.123483,49.621162,0
10,0.999795,-0.009610,-0.017793,0.991221,0.047248,0.123483,49.654926,0
10,0.999780,-0.009471,-0.018725,0.991221,0.047248,0.123483,49.688511,0
10,0.999773,-0.010456,-0.018586,0.991221,0.047248,0.123483,49.720520,0
10,0.999761,-0.011466,-0.018602,0.991221,0.047248,0.123483,49.753647,0
10,0.999779,-0.011235,-0.017776,0.991221,0.047248,0.123483,49.787201,0
10,0.999808,-0.011563,-0.015839,0.991221,0.047248,0.123483,49.820835,0
10,0.999771,-0.012531,-0.017343,0.991221,0.047248,0.123483,49.853840,0
10,0.999732,-0.013285,-0.018955,0.991221,0.047248,0.123483,49.886971,0
10,0.999721,-0.014508,-0.018619,0.991221,0.047248,0.123483,49.920074,0
10,0.999735,-0.014227,-0.018116,0.991221,0.047248,0.123483,49.953873,0
10,0.999759,-0.013499,-0.017313,0.991221,0.047248,0.123483,49.987103,0
10,0.999823,-0.011300,-0.015053,0.991221,0.047248,0.123483,50.020256,0
10,0.999863,-0.009368,-0.013614,0.991221,0.047248,0.123483,50.054207,0
10,0.999875,-0.007383,-0.014008,0.991221,0.047248,0.123483,50.087563,0
10,0.999930,-0.002824,-0.011520,0.991221,0.047248,0.123483,50.120846,0
10,0.999971,0.006819,-0.003499,0.991221,0.047248,0.123483,50.153629,0
10,0.999767,0.020916,0.005315,0.991221,0.047248,0.123483,50.187263,0
10,0.999031,0.042071,0.012909,0.991221,0.047248,0.123483,50.220634,0
10,0.996951,0.075167,0.020944,0.991221,0.047248,0.123483,50.253593,0
10,0.992887,0.114794,0.031599,0.991221,0.047248,0.123483,50.286888,0
10,0.987944,0.147855,0.045888,0.991221,0.047248,0.123483,50.320824,0
10,0.983088,0.171070,0.065360,0.991221,0.047248,0.123483,50.353931,0
10,0.978733,0.185136,0.088358,0.991221,0.047248,0.123483,50.387356,0
10,0.974168,0.195269,0.113431,0.991221,0.047248,0.123483,50.421410,0
10,0.969438,0.197564,0.145461,0.991221,0.047248,0.123483,50.453266,0
10,0.966151,0.196459,0.167203,0.991221,0.047248,0.123483,50.486710,0
10,0.962512,0.192627,0.190959,0.991221,0.047248,0.123483,50.520229,0
10,0.958553,0.186653,0.215258,0.991221,0.047248,0.123483,50.554462,0
10,0.954709,0.179860,0.237027,0.991221,0.047248,0.123483,50.586697,0
10,0.950897,0.168801,0.259424,0.991221,0.047248,0.123483,50.620327,0
10,0.946457,0.157073,0.282040,0.991221,0.047248,0.123483,50.653240,0
10,0.943507,0.142925,0.298942,0.991221,0.047248,0.123483,50.686127,0
10,0.941961,0.125149,0.311523,0.991221,0.047248,0.123483,50.719021,0
10,0.940147,0.106404,0.323731,0.991221,0.047248,0.123483,50.752621,0
10,0.939231,0.082780,0.333155,0.991221,0.047248,0.123483,50.786034,0
10,0.938442,0.058581,0.340432,0.991221,0.047248,0.123483,50.819748,0
10,0.937501,0.029494,0.346731,0.991221,0.047248,0.123483,50.852921,0
10,0.935611,-0.005027,0.352997,0.991221,0.047248,0.123483,50.886410,0
10,0.932905,-0.041334,0.357744,0.991221,0.047248,0.123483,50.919353,0
10,0.928296,-0.081763,0.362740,0.991221,0.047248,0.123483,50.952480,0
10,0.921414,-0.118123,0.370193,0.991221,0.047248,0.123483,50.985867,0
10,0.915347,-0.142662,0.376547,0.991221,0.047248,0.123483,51.019180,0
10,0.910744,-0.155642,0.382520,0.991221,0.047248,0.123483,51.052944,0
10,0.905756,-0.153677,0.394956,0.991221,0.047248,0.123483,51.086990,0
10,0.901327,-0.141846,0.409256,0.991221,0.047248,0.123483,51.121258,0
10,0.895958,-0.123490,0.426625,0.991221,0.047248,0.123483,51.153885,0
10,0.891112,-0.096982,0.443298,0.991221,0.047248,0.123483,51.180725,0
10,0.888932,-0.076826,0.451550,0.991221,0.047248,0.123483,51.207935,0
10,0.886615,-0.056672,0.459024,0.991221,0.047248,0.123483,51.236591,0
10,0.880632,-0.004045,0.473783,0.991221,0.047248,0.123483,51.263218,0
10,0.878117,0.021631,0.477957,0.991221,0.047248,0.123483,51.292969,0
10,0.876021,0.042172,0.480425,0.991221,0.047248,0.123483,51.319481,0
10,0.873486,0.059578,0.483190,0.991221,0.047248,0.123483,51.346432,0
10,0.869545,0.089721,0.485635,0.991221,0.047248,0.123483,51.371693,0
10,0.866858,0.103202,0.487757,0.991221,0.047248,0.123483,51.396221,0
10,0.864678,0.119105,0.488002,0.991221,0.047248,0.123483,51.420776,0
10,0.865091,0.131632,0.484036,0.991221,0.047248,0.123483,51.445286,0
10,0.866212,0.138567,0.480080,0.991221,0.047248,0.123483,51.470074,0
10,0.866099,0.143625,0.478795,0.991221,0.047248,0.123483,51.496807,0
10,0.867083,0.144909,0.476622,0.991221,0.047248,0.123483,51.527328,0
10,0.872722,0.130468,0.470462,0.991221,0.047248,0.123483,51.555218,0
10,0.874355,0.123933,0.469195,0.991221,0.047248,0.123483,51.581703,0
10,0.876659,0.115522,0.467037,0.991221,0.047248,0.123483,51.607967,0
10,0.879892,0.106967,0.462978,0.991221,0.047248,0.123483,51.632133,0
10,0.883623,0.100492,0.457287,0.991221,0.047248,0.123483,51.656590,0
10,0.891439,0.087657,0.444581,0.991221,0.047248,0.123483,51.681458,0
10,0.894598,0.081766,0.439328,0.991221,0.047248,0.123483,51.706352,0
10,0.897363,0.075120,0.434852,0.991221,0.047248,0.123483,51.730469,0
10,0.898878,0.069623,0.432633,0.991221,0.047248,0.123483,51.755444,0
10,0.899104,0.065845,0.432755,0.991221,0.047248,0.123483,51.778526,0
10,0.896710,0.064628,0.437875,0.991221,0.047248,0.123483,51.801296,0
