1,0.988785,-0.040288,-0.143807,0.910082,0.400032,0.108279,3.011202,0
1,0.988507,-0.043136,-0.144891,0.910082,0.400032,0.108279,3.034653,0
1,0.988218,-0.045709,-0.146069,0.910082,0.400032,0.108279,3.054942,0
1,0.988209,-0.047974,-0.145398,0.910082,0.400032,0.108279,3.076972,0
1,0.988717,-0.049540,-0.141370,0.910082,0.400032,0.108279,3.099896,0
1,0.989514,-0.051620,-0.134894,0.910082,0.400032,0.108279,3.122155,0
1,0.990160,-0.053585,-0.129274,0.910082,0.400032,0.108279,3.143529,0
1,0.990668,-0.055257,-0.124595,0.910082,0.400032,0.108279,3.166049,0
1,0.991123,-0.056808,-0.120203,0.910082,0.400032,0.108279,3.189324,0
1,0.991636,-0.058339,-0.115134,0.910082,0.400032,0.108279,3.210922,0
1,0.992039,-0.060100,-0.110662,0.910082,0.400032,0.108279,3.233179,0
1,0.992333,-0.062076,-0.106877,0.910082,0.400032,0.108279,3.255063,0
1,0.992530,-0.064281,-0.103689,0.910082,0.400032,0.108279,3.277844,0
1,0.992749,-0.066503,-0.100134,0.910082,0.400032,0.108279,3.300206,0
1,0.992922,-0.069489,-0.096322,0.910082,0.400032,0.108279,3.322141,0
1,0.992982,-0.073085,-0.092976,0.910082,0.400032,0.108279,3.343743,0
1,0.992994,-0.076332,-0.090206,0.910082,0.400032,0.108279,3.366168,0
1,0.993023,-0.078308,-0.088161,0.910082,0.400032,0.108279,3.388046,0
1,0.992965,-0.080148,-0.087156,0.910082,0.400032,0.108279,3.410552,0
1,0.992833,-0.081854,-0.087080,0.910082,0.400032,0.108279,3.432748,0
1,0.992543,-0.084993,-0.087380,0.910082,0.400032,0.108279,3.454472,0
1,0.992141,-0.089383,-0.087560,0.910082,0.400032,0.108279,3.476662,0
1,0.991618,-0.094209,-0.088425,0.910082,0.400032,0.108279,3.499093,0
1,0.991088,-0.098038,-0.090181,0.910082,0.400032,0.108279,3.521442,0
1,0.990831,-0.099849,-0.091012,0.910082,0.400032,0.108279,3.543338,0
1,0.990766,-0.101771,-0.089581,0.910082,0.400032,0.108279,3.566879,0
1,0.990640,-0.104978,-0.087244,0.910082,0.400032,0.108279,3.587751,0
1,0.990369,-0.109000,-0.085373,0.910082,0.400032,0.108279,3.610265,0
1,0.990052,-0.112566,-0.084421,0.910082,0.400032,0.108279,3.632762,0
1,0.989612,-0.117695,-0.082565,0.910082,0.400032,0.108279,3.654385,0
1,0.988768,-0.126960,-0.078856,0.910082,0.400032,0.108279,3.676476,0
1,0.987371,-0.140006,-0.074145,0.910082,0.400032,0.108279,3.698803,0
1,0.985414,-0.155882,-0.068266,0.910082,0.400032,0.108279,3.721233,0
1,0.982270,-0.177311,-0.060875,0.910082,0.400032,0.108279,3.743569,0
1,0.977163,-0.206390,-0.050558,0.910082,0.400032,0.108279,3.766287,0
1,0.970281,-0.238688,-0.039792,0.910082,0.400032,0.108279,3.788742,0
1,0.962980,-0.267866,-0.030275,0.910082,0.400032,0.108279,3.811533,0
1,0.955325,-0.294749,-0.021815,0.910082,0.400032,0.108279,3.833667,0
1,0.946749,-0.321719,-0.012783,0.910082,0.400032,0.108279,3.855100,0
1,0.938683,-0.344738,-0.005466,0.910082,0.400032,0.108279,3.877548,0
1,0.932618,-0.360862,-0.001518,0.910082,0.400032,0.108279,3.899521,0
1,0.928194,-0.372097,0.000616,0.910082,0.400032,0.108279,3.921455,0
1,0.923916,-0.382587,0.002502,0.910082,0.400032,0.108279,3.943698,0
1,0.919981,-0.391936,0.004551,0.910082,0.400032,0.108279,3.965425,0
1,0.917283,-0.398179,0.006745,0.910082,0.400032,0.108279,3.987419,0
1,0.916362,-0.400282,0.007379,0.910082,0.400032,0.108279,4.009770,0
1,0.915272,-0.402760,0.007808,0.910082,0.400032,0.108279,4.032554,0
1,0.913887,-0.405865,0.009162,0.910082,0.400032,0.108279,4.054331,0
1,0.913264,-0.407216,0.011175,0.910082,0.400032,0.108279,4.076552,0
1,0.913800,-0.405991,0.011891,0.910082,0.400032,0.108279,4.098612,0
1,0.914063,-0.405392,0.012120,0.910082,0.400032,0.108279,4.121741,0
1,0.913601,-0.406394,0.013336,0.910082,0.400032,0.108279,4.143497,0
1,0.913855,-0.405781,0.014528,0.910082,0.400032,0.108279,4.165594,0
1,0.915610,-0.401775,0.015318,0.910082,0.400032,0.108279,4.187512,0
1,0.917718,-0.396873,0.016899,0.910082,0.400032,0.108279,4.209996,0
1,0.919634,-0.392274,0.019855,0.910082,0.400032,0.108279,4.232495,0
1,0.921691,-0.387233,0.023153,0.910082,0.400032,0.108279,4.254239,0
1,0.923810,-0.382032,0.025015,0.910082,0.400032,0.108279,4.276348,0
1,0.925767,-0.377164,0.026518,0.910082,0.400032,0.108279,4.298711,0
1,0.927892,-0.371725,0.028941,0.910082,0.400032,0.108279,4.320884,0
1,0.930197,-0.365665,0.031982,0.910082,0.400032,0.108279,4.343621,0
1,0.932062,-0.360706,0.033928,0.910082,0.400032,0.108279,4.365726,0
1,0.933033,-0.358103,0.034796,0.910082,0.400032,0.108279,4.387517,0
1,0.933551,-0.356632,0.035994,0.910082,0.400032,0.108279,4.409902,0
1,0.934261,-0.354664,0.037022,0.910082,0.400032,0.108279,4.432130,0
1,0.935159,-0.352223,0.037634,0.910082,0.400032,0.108279,4.454346,0
1,0.935733,-0.350811,0.036549,0.910082,0.400032,0.108279,4.476793,0
1,0.935901,-0.350526,0.034943,0.910082,0.400032,0.108279,4.498736,0
1,0.936143,-0.349934,0.034386,0.910082,0.400032,0.108279,4.521150,0
1,0.936454,-0.348990,0.035487,0.910082,0.400032,0.108279,4.543046,0
1,0.936737,-0.348025,0.037444,0.910082,0.400032,0.108279,4.566970,0
1,0.937033,-0.347005,0.039452,0.910082,0.400032,0.108279,4.587312,0
1,0.937809,-0.344636,0.041708,0.910082,0.400032,0.108279,4.609543,0
1,0.938653,-0.342030,0.044105,0.910082,0.400032,0.108279,4.632298,0
1,0.939569,-0.339219,0.046259,0.910082,0.400032,0.108279,4.653975,0
1,0.940936,-0.335227,0.047557,0.910082,0.400032,0.108279,4.676026,0
1,0.943419,-0.328033,0.048532,0.910082,0.400032,0.108279,4.698159,0
1,0.947876,-0.314771,0.049506,0.910082,0.400032,0.108279,4.720623,0
1,0.953462,-0.297307,0.050191,0.910082,0.400032,0.108279,4.742792,0
1,0.958729,-0.279794,0.050540,0.910082,0.400032,0.108279,4.765060,0
2,0.994397,-0.093573,0.049187,0.937174,0.323994,0.129357,8.075007,0
2,0.994379,-0.093753,0.049206,0.937174,0.323994,0.129357,8.098314,0
2,0.994396,-0.093635,0.049091,0.937174,0.323994,0.129357,8.119526,0
2,0.994384,-0.093575,0.049448,0.937174,0.323994,0.129357,8.141686,0
2,0.994378,-0.093491,0.049726,0.937174,0.323994,0.129357,8.163678,0
2,0.994416,-0.093072,0.049740,0.937174,0.323994,0.129357,8.186524,0
2,0.994445,-0.092886,0.049504,0.937174,0.323994,0.129357,8.208282,0
2,0.994457,-0.092526,0.049944,0.937174,0.323994,0.129357,8.230747,0
2,0.994458,-0.092420,0.050118,0.937174,0.323994,0.129357,8.252571,0
2,0.994489,-0.092122,0.050059,0.937174,0.323994,0.129357,8.274611,0
2,0.994508,-0.092112,0.049699,0.937174,0.323994,0.129357,8.296432,0
2,0.994536,-0.092114,0.049133,0.937174,0.323994,0.129357,8.318763,0
2,0.994549,-0.092088,0.048899,0.937174,0.323994,0.129357,8.340899,0
2,0.994555,-0.092061,0.048845,0.937174,0.323994,0.129357,8.363229,0
2,0.994505,-0.092573,0.048897,0.937174,0.323994,0.129357,8.385360,0
2,0.994454,-0.093331,0.048484,0.937174,0.323994,0.129357,8.407518,0
2,0.994415,-0.093955,0.048070,0.937174,0.323994,0.129357,8.430244,0
2,0.994455,-0.093804,0.047550,0.937174,0.323994,0.129357,8.452469,0
2,0.994472,-0.093939,0.046919,0.937174,0.323994,0.129357,8.474507,0
2,0.994450,-0.094252,0.046757,0.937174,0.323994,0.129357,8.496655,0
2,0.994315,-0.095516,0.047058,0.937174,0.323994,0.129357,8.518834,0
2,0.994044,-0.097981,0.047702,0.937174,0.323994,0.129357,8.541126,0
2,0.993784,-0.100487,0.047909,0.937174,0.323994,0.129357,8.563982,0
2,0.993547,-0.102612,0.048324,0.937174,0.323994,0.129357,8.585757,0
2,0.993241,-0.105302,0.048823,0.937174,0.323994,0.129357,8.607614,0
2,0.992526,-0.111292,0.050071,0.937174,0.323994,0.129357,8.630121,0
2,0.991577,-0.118903,0.051345,0.937174,0.323994,0.129357,8.652224,0
2,0.990354,-0.128004,0.053053,0.937174,0.323994,0.129357,8.674315,0
2,0.988386,-0.141292,0.055935,0.937174,0.323994,0.129357,8.696528,0
2,0.985182,-0.160557,0.060318,0.937174,0.323994,0.129357,8.718660,0
2,0.980748,-0.184163,0.064947,0.937174,0.323994,0.129357,8.741259,0
2,0.975624,-0.208335,0.068946,0.937174,0.323994,0.129357,8.763510,0
2,0.969958,-0.232299,0.072245,0.937174,0.323994,0.129357,8.785535,0
2,0.962896,-0.258824,0.076430,0.937174,0.323994,0.129357,8.807403,0
2,0.954584,-0.286709,0.081035,0.937174,0.323994,0.129357,8.830029,0
2,0.946708,-0.310767,0.084660,0.937174,0.323994,0.129357,8.852869,0
2,0.939678,-0.330760,0.087197,0.937174,0.323994,0.129357,8.874965,0
2,0.933837,-0.346760,0.087787,0.937174,0.323994,0.129357,8.897943,0
2,0.928721,-0.360184,0.088010,0.937174,0.323994,0.129357,8.919875,0
2,0.924391,-0.371212,0.087762,0.937174,0.323994,0.129357,8.942436,0
2,0.920936,-0.379823,0.087239,0.937174,0.323994,0.129357,8.963704,0
2,0.918889,-0.385056,0.085878,0.937174,0.323994,0.129357,8.986304,0
2,0.917405,-0.389209,0.082975,0.937174,0.323994,0.129357,9.007849,0
2,0.916774,-0.391844,0.077353,0.937174,0.323994,0.129357,9.030249,0
2,0.917573,-0.391224,0.070740,0.937174,0.323994,0.129357,9.052319,0
2,0.919525,-0.387855,0.063583,0.937174,0.323994,0.129357,9.074431,0
2,0.921976,-0.383067,0.056749,0.937174,0.323994,0.129357,9.096500,0
2,0.924892,-0.376789,0.051038,0.937174,0.323994,0.129357,9.118934,0
2,0.928341,-0.368853,0.046158,0.937174,0.323994,0.129357,9.141332,0
2,0.931954,-0.360074,0.042529,0.937174,0.323994,0.129357,9.163307,0
2,0.935611,-0.350772,0.039877,0.937174,0.323994,0.129357,9.185755,0
2,0.939507,-0.340445,0.037723,0.937174,0.323994,0.129357,9.207918,0
2,0.943116,-0.330497,0.036122,0.937174,0.323994,0.129357,9.230499,0
2,0.945946,-0.322383,0.035437,0.937174,0.323994,0.129357,9.252473,0
2,0.948511,-0.314776,0.035242,0.937174,0.323994,0.129357,9.274319,0
2,0.951110,-0.306828,0.035298,0.937174,0.323994,0.129357,9.296327,0
2,0.953323,-0.299923,0.034953,0.937174,0.323994,0.129357,9.318640,0
2,0.954558,-0.295943,0.035170,0.937174,0.323994,0.129357,9.341044,0
2,0.955537,-0.292672,0.035960,0.937174,0.323994,0.129357,9.363561,0
2,0.956447,-0.289617,0.036471,0.937174,0.323994,0.129357,9.385270,0
2,0.957232,-0.287005,0.036531,0.937174,0.323994,0.129357,9.407538,0
2,0.957719,-0.285313,0.037025,0.937174,0.323994,0.129357,9.430477,0
2,0.958228,-0.283536,0.037494,0.937174,0.323994,0.129357,9.452320,0
2,0.958735,-0.281758,0.037936,0.937174,0.323994,0.129357,9.474293,0
2,0.959171,-0.280222,0.038289,0.937174,0.323994,0.129357,9.496598,0
2,0.959523,-0.279019,0.038255,0.937174,0.323994,0.129357,9.518414,0
2,0.959964,-0.277568,0.037741,0.937174,0.323994,0.129357,9.541067,0
2,0.960651,-0.275284,0.036990,0.937174,0.323994,0.129357,9.563617,0
2,0.961400,-0.272746,0.036316,0.937174,0.323994,0.129357,9.585392,0
2,0.961944,-0.270884,0.035853,0.937174,0.323994,0.129357,9.607266,0
2,0.962609,-0.268593,0.035253,0.937174,0.323994,0.129357,9.629574,0
2,0.963453,-0.265659,0.034420,0.937174,0.323994,0.129357,9.652534,0
2,0.964505,-0.261932,0.033490,0.937174,0.323994,0.129357,9.674175,0
2,0.966130,-0.255840,0.033739,0.937174,0.323994,0.129357,9.696438,0
2,0.968137,-0.248014,0.034653,0.937174,0.323994,0.129357,9.718522,0
2,0.970036,-0.240295,0.035903,0.937174,0.323994,0.129357,9.740944,0
2,0.971587,-0.233744,0.037183,0.937174,0.323994,0.129357,9.763186,0
2,0.973045,-0.227334,0.038752,0.937174,0.323994,0.129357,9.785274,0
2,0.974289,-0.221664,0.040320,0.937174,0.323994,0.129357,9.807786,0
2,0.975137,-0.217611,0.041882,0.937174,0.323994,0.129357,9.829939,0
2,0.975479,-0.215782,0.043347,0.937174,0.323994,0.129357,9.852221,0
2,0.975269,-0.216449,0.044715,0.937174,0.323994,0.129357,9.874223,0
2,0.974162,-0.221139,0.045891,0.937174,0.323994,0.129357,9.896654,0
2,0.972693,-0.227220,0.047324,0.937174,0.323994,0.129357,9.919185,0
2,0.971211,-0.233217,0.048579,0.937174,0.323994,0.129357,9.940887,0
2,0.969134,-0.241382,0.050141,0.937174,0.323994,0.129357,9.964014,0
2,0.965619,-0.254547,0.052774,0.937174,0.323994,0.129357,9.986208,0
2,0.961345,-0.269644,0.055753,0.937174,0.323994,0.129357,10.007926,0
2,0.957458,-0.282619,0.058310,0.937174,0.323994,0.129357,10.030201,0
2,0.953604,-0.294915,0.060538,0.937174,0.323994,0.129357,10.052380,0
2,0.949614,-0.307041,0.062921,0.937174,0.323994,0.129357,10.074410,0
2,0.946008,-0.317581,0.064894,0.937174,0.323994,0.129357,10.096436,0
2,0.943020,-0.326065,0.066298,0.937174,0.323994,0.129357,10.118359,0
2,0.940505,-0.333071,0.067183,0.937174,0.323994,0.129357,10.141255,0
2,0.938367,-0.338855,0.068148,0.937174,0.323994,0.129357,10.162868,0
2,0.937088,-0.342043,0.069801,0.937174,0.323994,0.129357,10.185212,0
2,0.936413,-0.343638,0.071025,0.937174,0.323994,0.129357,10.207501,0
2,0.936153,-0.344218,0.071628,0.937174,0.323994,0.129357,10.230629,0
2,0.936661,-0.342845,0.071578,0.937174,0.323994,0.129357,10.251955,0
2,0.937361,-0.340886,0.071776,0.937174,0.323994,0.129357,10.273855,0
2,0.937582,-0.340074,0.072735,0.937174,0.323994,0.129357,10.296251,0
2,0.937210,-0.340837,0.073939,0.937174,0.323994,0.129357,10.318364,0
2,0.937030,-0.341172,0.074679,0.937174,0.323994,0.129357,10.340910,0
2,0.936735,-0.341915,0.074983,0.937174,0.323994,0.129357,10.362816,0
2,0.935615,-0.344799,0.075746,0.937174,0.323994,0.129357,10.384715,0
2,0.934299,-0.348207,0.076405,0.937174,0.323994,0.129357,10.407307,0
2,0.933273,-0.350953,0.076382,0.937174,0.323994,0.129357,10.429471,0
2,0.932326,-0.353647,0.075512,0.937174,0.323994,0.129357,10.451633,0
2,0.930881,-0.357531,0.075045,0.937174,0.323994,0.129357,10.473405,0
2,0.929998,-0.359942,0.074468,0.937174,0.323994,0.129357,10.495956,0
2,0.929733,-0.360856,0.073349,0.937174,0.323994,0.129357,10.518398,0
2,0.929964,-0.360682,0.071238,0.937174,0.323994,0.129357,10.540966,0
2,0.930369,-0.360121,0.068754,0.937174,0.323994,0.129357,10.563210,0
2,0.931081,-0.358621,0.066924,0.937174,0.323994,0.129357,10.584759,0
2,0.931627,-0.357493,0.065347,0.937174,0.323994,0.129357,10.606907,0
2,0.932045,-0.356555,0.064499,0.937174,0.323994,0.129357,10.629270,0
2,0.932296,-0.356074,0.063521,0.937174,0.323994,0.129357,10.651582,0
2,0.932627,-0.355290,0.063063,0.937174,0.323994,0.129357,10.673713,0
2,0.933106,-0.354049,0.062950,0.937174,0.323994,0.129357,10.696485,0
2,0.933400,-0.353314,0.062726,0.937174,0.323994,0.129357,10.718008,0
2,0.933588,-0.352931,0.062075,0.937174,0.323994,0.129357,10.740478,0
2,0.933949,-0.352107,0.061326,0.937174,0.323994,0.129357,10.763014,0
2,0.934403,-0.350980,0.060867,0.937174,0.323994,0.129357,10.785086,0
2,0.934561,-0.350581,0.060740,0.937174,0.323994,0.129357,10.806922,0
2,0.934423,-0.350945,0.060761,0.937174,0.323994,0.129357,10.829105,0
2,0.934093,-0.351885,0.060389,0.937174,0.323994,0.129357,10.851365,0
2,0.933710,-0.352968,0.059999,0.937174,0.323994,0.129357,10.873587,0
2,0.933282,-0.354280,0.058912,0.937174,0.323994,0.129357,10.897248,0
2,0.931890,-0.357842,0.059420,0.937174,0.323994,0.129357,10.918313,0
2,0.929008,-0.365016,0.060881,0.937174,0.323994,0.129357,10.940784,0
2,0.925642,-0.373290,0.061973,0.937174,0.323994,0.129357,10.963380,0
2,0.922725,-0.380461,0.061865,0.937174,0.323994,0.129357,10.984640,0
2,0.919524,-0.388250,0.061135,0.937174,0.323994,0.129357,11.007189,0
2,0.915809,-0.396967,0.060921,0.937174,0.323994,0.129357,11.029659,0
2,0.912584,-0.404453,0.060067,0.937174,0.323994,0.129357,11.051323,0
2,0.909959,-0.410452,0.059198,0.937174,0.323994,0.129357,11.073154,0
3,0.989634,0.135436,0.047757,0.875933,0.467051,0.120850,14.249641,0
3,0.990059,0.132437,0.047359,0.875933,0.467051,0.120850,14.272859,0
3,0.990531,0.129129,0.046626,0.875933,0.467051,0.120850,14.294445,0
3,0.990958,0.125942,0.046277,0.875933,0.467051,0.120850,14.316252,0
3,0.991371,0.122572,0.046468,0.875933,0.467051,0.120850,14.339602,0
3,0.991762,0.119028,0.047343,0.875933,0.467051,0.120850,14.360449,0
3,0.992144,0.115007,0.049222,0.875933,0.467051,0.120850,14.383702,0
3,0.992553,0.110743,0.050733,0.875933,0.467051,0.120850,14.404341,0
3,0.993026,0.106204,0.051193,0.875933,0.467051,0.120850,14.426951,0
3,0.993450,0.101650,0.052192,0.875933,0.467051,0.120850,14.449481,0
3,0.993911,0.095924,0.054212,0.875933,0.467051,0.120850,14.471693,0
3,0.994372,0.089759,0.056288,0.875933,0.467051,0.120850,14.494073,0
3,0.994809,0.083733,0.057826,0.875933,0.467051,0.120850,14.515460,0
3,0.995305,0.077495,0.057989,0.875933,0.467051,0.120850,14.539001,0
3,0.995792,0.071569,0.057243,0.875933,0.467051,0.120850,14.560806,0
3,0.996218,0.065792,0.056762,0.875933,0.467051,0.120850,14.582705,0
3,0.996564,0.060705,0.056356,0.875933,0.467051,0.120850,14.604692,0
3,0.996843,0.056419,0.055871,0.875933,0.467051,0.120850,14.626569,0
3,0.997100,0.052280,0.055311,0.875933,0.467051,0.120850,14.649092,0
3,0.997332,0.048248,0.054785,0.875933,0.467051,0.120850,14.672020,0
3,0.997483,0.045663,0.054247,0.875933,0.467051,0.120850,14.694116,0
3,0.997554,0.044770,0.053686,0.875933,0.467051,0.120850,14.715515,0
3,0.997627,0.043900,0.053038,0.875933,0.467051,0.120850,14.737720,0
3,0.997729,0.042471,0.052283,0.875933,0.467051,0.120850,14.760738,0
3,0.997849,0.041400,0.050827,0.875933,0.467051,0.120850,14.782872,0
3,0.997916,0.040974,0.049858,0.875933,0.467051,0.120850,14.805234,0
3,0.997990,0.040811,0.048477,0.875933,0.467051,0.120850,14.827452,0
3,0.998039,0.040356,0.047844,0.875933,0.467051,0.120850,14.849499,0
3,0.998130,0.038901,0.047143,0.875933,0.467051,0.120850,14.870701,0
3,0.998207,0.037135,0.046937,0.875933,0.467051,0.120850,14.892821,0
3,0.998299,0.035338,0.046379,0.875933,0.467051,0.120850,14.914855,0
3,0.998465,0.032064,0.045155,0.875933,0.467051,0.120850,14.936947,0
3,0.998687,0.025267,0.044556,0.875933,0.467051,0.120850,14.959258,0
3,0.998933,0.013588,0.044144,0.875933,0.467051,0.120850,14.981984,0
3,0.999065,0.000151,0.043237,0.875933,0.467051,0.120850,15.003705,0
3,0.998937,-0.017285,0.042723,0.875933,0.467051,0.120850,15.025644,0
3,0.998237,-0.041352,0.042569,0.875933,0.467051,0.120850,15.048248,0
3,0.996731,-0.068948,0.042120,0.875933,0.467051,0.120850,15.070676,0
3,0.994435,-0.096791,0.041606,0.875933,0.467051,0.120850,15.092957,0
3,0.991038,-0.126943,0.041593,0.875933,0.467051,0.120850,15.115042,0
3,0.986797,-0.156480,0.041793,0.875933,0.467051,0.120850,15.137219,0
3,0.982442,-0.181534,0.043059,0.875933,0.467051,0.120850,15.160149,0
3,0.977971,-0.203709,0.045562,0.875933,0.467051,0.120850,15.181638,0
3,0.972716,-0.226650,0.049538,0.875933,0.467051,0.120850,15.203666,0
3,0.967207,-0.248332,0.053309,0.875933,0.467051,0.120850,15.226710,0
3,0.962589,-0.264871,0.057148,0.875933,0.467051,0.120850,15.248621,0
3,0.958639,-0.278006,0.061032,0.875933,0.467051,0.120850,15.271102,0
3,0.954147,-0.292134,0.065281,0.875933,0.467051,0.120850,15.293042,0
3,0.950015,-0.304324,0.069706,0.875933,0.467051,0.120850,15.315344,0
3,0.947023,-0.312755,0.073019,0.875933,0.467051,0.120850,15.337279,0
3,0.944396,-0.319975,0.075710,0.875933,0.467051,0.120850,15.359580,0
3,0.941282,-0.328380,0.078452,0.875933,0.467051,0.120850,15.382415,0
3,0.938537,-0.335608,0.080722,0.875933,0.467051,0.120850,15.404112,0
3,0.937326,-0.338699,0.081877,0.875933,0.467051,0.120850,15.426391,0
3,0.936740,-0.340238,0.082198,0.875933,0.467051,0.120850,15.448628,0
3,0.936157,-0.341914,0.081887,0.875933,0.467051,0.120850,15.471491,0
3,0.935895,-0.342801,0.081163,0.875933,0.467051,0.120850,15.493111,0
3,0.935944,-0.342777,0.080697,0.875933,0.467051,0.120850,15.515279,0
3,0.935430,-0.344466,0.079465,0.875933,0.467051,0.120850,15.537834,0
3,0.934717,-0.346780,0.077764,0.875933,0.467051,0.120850,15.561449,0
3,0.934841,-0.347098,0.074799,0.875933,0.467051,0.120850,15.581982,0
3,0.935700,-0.345317,0.072265,0.875933,0.467051,0.120850,15.603979,0
3,0.936886,-0.342541,0.070073,0.875933,0.467051,0.120850,15.626043,0
3,0.938238,-0.339215,0.068138,0.875933,0.467051,0.120850,15.648419,0
3,0.940674,-0.332798,0.066162,0.875933,0.467051,0.120850,15.670779,0
3,0.944058,-0.323222,0.065438,0.875933,0.467051,0.120850,15.692898,0
3,0.947538,-0.312896,0.065329,0.875933,0.467051,0.120850,15.715146,0
3,0.950593,-0.303554,0.065028,0.875933,0.467051,0.120850,15.737228,0
3,0.953404,-0.294586,0.065109,0.875933,0.467051,0.120850,15.759675,0
3,0.955666,-0.286979,0.065915,0.875933,0.467051,0.120850,15.781989,0
3,0.958065,-0.278449,0.067652,0.875933,0.467051,0.120850,15.803897,0
3,0.960962,-0.267743,0.069759,0.875933,0.467051,0.120850,15.825968,0
3,0.963055,-0.259384,0.072425,0.875933,0.467051,0.120850,15.848161,0
3,0.963935,-0.255273,0.075263,0.875933,0.467051,0.120850,15.870478,0
3,0.963931,-0.254210,0.078832,0.875933,0.467051,0.120850,15.892985,0
3,0.962960,-0.256860,0.082043,0.875933,0.467051,0.120850,15.914784,0
3,0.960650,-0.264193,0.085756,0.875933,0.467051,0.120850,15.937164,0
3,0.957006,-0.275876,0.089622,0.875933,0.467051,0.120850,15.959820,0
3,0.952617,-0.289226,0.094173,0.875933,0.467051,0.120850,15.982546,0
3,0.948502,-0.301444,0.097345,0.875933,0.467051,0.120850,16.004345,0
3,0.944781,-0.312208,0.099573,0.875933,0.467051,0.120850,16.026236,0
3,0.941775,-0.320563,0.101485,0.875933,0.467051,0.120850,16.048685,0
3,0.939813,-0.325998,0.102357,0.875933,0.467051,0.120850,16.070662,0
3,0.938847,-0.328827,0.102173,0.875933,0.467051,0.120850,16.092888,0
3,0.938825,-0.329286,0.100890,0.875933,0.467051,0.120850,16.114975,0
3,0.939682,-0.327260,0.099490,0.875933,0.467051,0.120850,16.137152,0
3,0.941088,-0.323868,0.097273,0.875933,0.467051,0.120850,16.159393,0
3,0.942752,-0.319655,0.095080,0.875933,0.467051,0.120850,16.181574,0
3,0.944254,-0.315730,0.093264,0.875933,0.467051,0.120850,16.203690,0
3,0.945790,-0.311481,0.091979,0.875933,0.467051,0.120850,16.227003,0
3,0.947184,-0.307520,0.090964,0.875933,0.467051,0.120850,16.248955,0
3,0.948446,-0.303951,0.089797,0.875933,0.467051,0.120850,16.271141,0
3,0.949680,-0.300495,0.088378,0.875933,0.467051,0.120850,16.293312,0
3,0.951090,-0.296393,0.087053,0.875933,0.467051,0.120850,16.315588,0
3,0.952509,-0.292158,0.085854,0.875933,0.467051,0.120850,16.337311,0
3,0.953789,-0.288298,0.084685,0.875933,0.467051,0.120850,16.359854,0
3,0.955213,-0.283974,0.083225,0.875933,0.467051,0.120850,16.382013,0
3,0.957174,-0.278160,0.080277,0.875933,0.467051,0.120850,16.404526,0
3,0.959994,-0.269505,0.076017,0.875933,0.467051,0.120850,16.426277,0
3,0.962786,-0.260595,0.071649,0.875933,0.467051,0.120850,16.449278,0
3,0.964883,-0.253590,0.068497,0.875933,0.467051,0.120850,16.470949,0
3,0.966955,-0.246709,0.064280,0.875933,0.467051,0.120850,16.493292,0
3,0.969623,-0.237355,0.059112,0.875933,0.467051,0.120850,16.515308,0
4,0.989915,-0.139283,0.025860,0.954660,-0.273651,0.117218,19.936201,0
4,0.989946,-0.139095,0.025675,0.954660,-0.273651,0.117218,19.959044,0
4,0.989979,-0.138817,0.025893,0.954660,-0.273651,0.117218,19.980896,0
4,0.990034,-0.138422,0.025936,0.954660,-0.273651,0.117218,20.002880,0
4,0.990096,-0.137969,0.025953,0.954660,-0.273651,0.117218,20.025148,0
4,0.990144,-0.137597,0.026108,0.954660,-0.273651,0.117218,20.047031,0
4,0.990225,-0.136986,0.026269,0.954660,-0.273651,0.117218,20.069311,0
4,0.990281,-0.136581,0.026270,0.954660,-0.273651,0.117218,20.091890,0
4,0.990372,-0.135918,0.026266,0.954660,-0.273651,0.117218,20.113647,0
4,0.990422,-0.135646,0.025772,0.954660,-0.273651,0.117218,20.136578,0
4,0.990424,-0.135674,0.025538,0.954660,-0.273651,0.117218,20.158213,0
4,0.990429,-0.135688,0.025298,0.954660,-0.273651,0.117218,20.180540,0
4,0.990467,-0.135594,0.024295,0.954660,-0.273651,0.117218,20.203033,0
4,0.990500,-0.135381,0.024121,0.954660,-0.273651,0.117218,20.226006,0
4,0.990454,-0.135697,0.024243,0.954660,-0.273651,0.117218,20.246830,0
4,0.990306,-0.136699,0.024632,0.954660,-0.273651,0.117218,20.268919,0
4,0.990114,-0.137995,0.025119,0.954660,-0.273651,0.117218,20.291197,0
4,0.989943,-0.139169,0.025392,0.954660,-0.273651,0.117218,20.313133,0
4,0.989682,-0.140930,0.025866,0.954660,-0.273651,0.117218,20.335123,0
4,0.989082,-0.144844,0.027136,0.954660,-0.273651,0.117218,20.357546,0
4,0.988248,-0.150121,0.028805,0.954660,-0.273651,0.117218,20.380424,0
4,0.987387,-0.155499,0.029772,0.954660,-0.273651,0.117218,20.402534,0
4,0.986521,-0.160750,0.030583,0.954660,-0.273651,0.117218,20.424002,0
4,0.984949,-0.169796,0.032318,0.954660,-0.273651,0.117218,20.446728,0
4,0.981871,-0.186042,0.036291,0.954660,-0.273651,0.117218,20.469137,0
4,0.977455,-0.207109,0.041070,0.954660,-0.273651,0.117218,20.491068,0
4,0.971043,-0.234200,0.047172,0.954660,-0.273651,0.117218,20.513233,0
4,0.961333,-0.270105,0.053687,0.954660,-0.273651,0.117218,20.535667,0
4,0.948661,-0.310476,0.060386,0.954660,-0.273651,0.117218,20.557570,0
4,0.934216,-0.350537,0.066069,0.954660,-0.273651,0.117218,20.580065,0
4,0.918568,-0.388767,0.071362,0.954660,-0.273651,0.117218,20.602079,0
4,0.901744,-0.425574,0.075791,0.954660,-0.273651,0.117218,20.624329,0
4,0.884814,-0.459189,0.079048,0.954660,-0.273651,0.117218,20.646309,0
4,0.869822,-0.486481,0.082140,0.954660,-0.273651,0.117218,20.668671,0
4,0.857302,-0.507566,0.086088,0.954660,-0.273651,0.117218,20.690908,0
4,0.845783,-0.525885,0.089982,0.954660,-0.273651,0.117218,20.712864,0
4,0.836574,-0.539784,0.093684,0.954660,-0.273651,0.117218,20.735111,0
4,0.830075,-0.549351,0.095860,0.954660,-0.273651,0.117218,20.757645,0
4,0.824112,-0.557992,0.097383,0.954660,-0.273651,0.117218,20.779888,0
4,0.819736,-0.564204,0.098526,0.954660,-0.273651,0.117218,20.802021,0
4,0.815701,-0.570014,0.098570,0.954660,-0.273651,0.117218,20.823967,0
4,0.810961,-0.576971,0.097193,0.954660,-0.273651,0.117218,20.846781,0
4,0.807386,-0.582469,0.094110,0.954660,-0.273651,0.117218,20.868578,0
4,0.805403,-0.585806,0.090313,0.954660,-0.273651,0.117218,20.891094,0
4,0.801943,-0.590838,0.088303,0.954660,-0.273651,0.117218,20.913336,0
4,0.797496,-0.596879,0.087958,0.954660,-0.273651,0.117218,20.935118,0
4,0.795309,-0.599837,0.087626,0.954660,-0.273651,0.117218,20.957432,0
4,0.792793,-0.603462,0.085515,0.954660,-0.273651,0.117218,20.980562,0
4,0.788249,-0.609576,0.084148,0.954660,-0.273651,0.117218,21.002863,0
4,0.785160,-0.613570,0.083997,0.954660,-0.273651,0.117218,21.025837,0
4,0.784458,-0.614467,0.084002,0.954660,-0.273651,0.117218,21.047827,0
4,0.782483,-0.617012,0.083759,0.954660,-0.273651,0.117218,21.068806,0
4,0.779211,-0.621008,0.084733,0.954660,-0.273651,0.117218,21.090757,0
4,0.777489,-0.623105,0.085153,0.954660,-0.273651,0.117218,21.112938,0
4,0.777118,-0.623514,0.085546,0.954660,-0.273651,0.117218,21.134924,0
4,0.776773,-0.623820,0.086443,0.954660,-0.273651,0.117218,21.157383,0
4,0.776566,-0.623843,0.088119,0.954660,-0.273651,0.117218,21.179750,0
4,0.777218,-0.622929,0.088833,0.954660,-0.273651,0.117218,21.201982,0
4,0.778463,-0.621456,0.088250,0.954660,-0.273651,0.117218,21.225368,0
4,0.780074,-0.619533,0.087538,0.954660,-0.273651,0.117218,21.245970,0
4,0.781741,-0.617402,0.087724,0.954660,-0.273651,0.117218,21.268162,0
4,0.783106,-0.615695,0.087547,0.954660,-0.273651,0.117218,21.291014,0
4,0.783519,-0.615199,0.087340,0.954660,-0.273651,0.117218,21.312876,0
4,0.783160,-0.615683,0.087150,0.954660,-0.273651,0.117218,21.334890,0
4,0.783405,-0.615376,0.087118,0.954660,-0.273651,0.117218,21.357397,0
4,0.785194,-0.612957,0.088057,0.954660,-0.273651,0.117218,21.379587,0
4,0.788878,-0.607990,0.089556,0.954660,-0.273651,0.117218,21.401812,0
4,0.792634,-0.603064,0.089697,0.954660,-0.273651,0.117218,21.423809,0
4,0.795564,-0.599092,0.090373,0.954660,-0.273651,0.117218,21.446358,0
4,0.798434,-0.594752,0.093665,0.954660,-0.273651,0.117218,21.467955,0
4,0.801310,-0.590016,0.098914,0.954660,-0.273651,0.117218,21.490110,0
4,0.803448,-0.586258,0.103796,0.954660,-0.273651,0.117218,21.512392,0
4,0.804978,-0.583673,0.106467,0.954660,-0.273651,0.117218,21.534231,0
4,0.806641,-0.580713,0.110014,0.954660,-0.273651,0.117218,21.556559,0
4,0.807780,-0.578112,0.115227,0.954660,-0.273651,0.117218,21.578682,0
4,0.808149,-0.576455,0.120811,0.954660,-0.273651,0.117218,21.601013,0
5,0.858991,-0.492842,0.138713,0.929127,-0.353390,0.108806,24.844830,0
5,0.858932,-0.493019,0.138448,0.929127,-0.353390,0.108806,24.867506,0
5,0.858845,-0.493262,0.138126,0.929127,-0.353390,0.108806,24.889643,0
5,0.858795,-0.493411,0.137904,0.929127,-0.353390,0.108806,24.911783,0
5,0.858720,-0.493539,0.137908,0.929127,-0.353390,0.108806,24.933624,0
5,0.858809,-0.493431,0.137740,0.929127,-0.353390,0.108806,24.955853,0
5,0.858864,-0.493591,0.136823,0.929127,-0.353390,0.108806,24.977936,0
5,0.858910,-0.493668,0.136251,0.929127,-0.353390,0.108806,25.000254,0
5,0.858966,-0.493711,0.135749,0.929127,-0.353390,0.108806,25.022404,0
5,0.859073,-0.493472,0.135938,0.929127,-0.353390,0.108806,25.044401,0
5,0.859423,-0.492793,0.136189,0.929127,-0.353390,0.108806,25.066563,0
5,0.859586,-0.492535,0.136092,0.929127,-0.353390,0.108806,25.089842,0
5,0.859609,-0.492623,0.135629,0.929127,-0.353390,0.108806,25.111429,0
5,0.859878,-0.492233,0.135338,0.929127,-0.353390,0.108806,25.133581,0
5,0.859418,-0.492934,0.135711,0.929127,-0.353390,0.108806,25.155861,0
5,0.858352,-0.494685,0.136083,0.929127,-0.353390,0.108806,25.178442,0
5,0.857258,-0.496549,0.136189,0.929127,-0.353390,0.108806,25.200218,0
5,0.855853,-0.499008,0.136035,0.929127,-0.353390,0.108806,25.222761,0
5,0.853829,-0.502554,0.135708,0.929127,-0.353390,0.108806,25.245275,0
5,0.851658,-0.506326,0.135322,0.929127,-0.353390,0.108806,25.266806,0
5,0.848723,-0.511285,0.135115,0.929127,-0.353390,0.108806,25.289581,0
5,0.845572,-0.516281,0.135876,0.929127,-0.353390,0.108806,25.311375,0
5,0.842905,-0.520517,0.136282,0.929127,-0.353390,0.108806,25.333271,0
5,0.840632,-0.524100,0.136590,0.929127,-0.353390,0.108806,25.355719,0
5,0.838992,-0.526682,0.136742,0.929127,-0.353390,0.108806,25.377762,0
5,0.838001,-0.528281,0.136652,0.929127,-0.353390,0.108806,25.400137,0
5,0.837190,-0.529646,0.136338,0.929127,-0.353390,0.108806,25.422407,0
5,0.836960,-0.530085,0.136043,0.929127,-0.353390,0.108806,25.445215,0
5,0.836802,-0.530275,0.136279,0.929127,-0.353390,0.108806,25.466642,0
5,0.836976,-0.529977,0.136365,0.929127,-0.353390,0.108806,25.489286,0
5,0.836531,-0.530563,0.136815,0.929127,-0.353390,0.108806,25.511215,0
5,0.834478,-0.533434,0.138179,0.929127,-0.353390,0.108806,25.533205,0
5,0.830227,-0.539555,0.140010,0.929127,-0.353390,0.108806,25.557713,0
5,0.824381,-0.547904,0.142118,0.929127,-0.353390,0.108806,25.576456,0
5,0.815184,-0.560860,0.144609,0.929127,-0.353390,0.108806,25.598629,0
5,0.803435,-0.576968,0.146973,0.929127,-0.353390,0.108806,25.620741,0
5,0.791151,-0.593185,0.149037,0.929127,-0.353390,0.108806,25.643000,0
5,0.777582,-0.610124,0.152037,0.929127,-0.353390,0.108806,25.665359,0
5,0.761017,-0.629588,0.156438,0.929127,-0.353390,0.108806,25.687252,0
5,0.744730,-0.647688,0.160866,0.929127,-0.353390,0.108806,25.710321,0
5,0.730626,-0.662669,0.164483,0.929127,-0.353390,0.108806,25.732040,0
5,0.717826,-0.675742,0.167626,0.929127,-0.353390,0.108806,25.754362,0
5,0.706443,-0.686980,0.170284,0.929127,-0.353390,0.108806,25.776754,0
5,0.698165,-0.694896,0.172293,0.929127,-0.353390,0.108806,25.798435,0
5,0.693329,-0.699589,0.172830,0.929127,-0.353390,0.108806,25.821720,0
5,0.690516,-0.702290,0.173138,0.929127,-0.353390,0.108806,25.843443,0
5,0.688677,-0.704092,0.173141,0.929127,-0.353390,0.108806,25.865431,0
5,0.689190,-0.703664,0.172839,0.929127,-0.353390,0.108806,25.887844,0
5,0.691733,-0.701561,0.171225,0.929127,-0.353390,0.108806,25.910273,0
5,0.694706,-0.699108,0.169205,0.929127,-0.353390,0.108806,25.932467,0
5,0.696598,-0.697662,0.167388,0.929127,-0.353390,0.108806,25.954168,0
5,0.699194,-0.695364,0.166121,0.929127,-0.353390,0.108806,25.975946,0
5,0.703048,-0.692043,0.163709,0.929127,-0.353390,0.108806,25.998547,0
5,0.708264,-0.687842,0.158854,0.929127,-0.353390,0.108806,26.020969,0
5,0.713537,-0.683592,0.153513,0.929127,-0.353390,0.108806,26.042641,0
5,0.719697,-0.678257,0.148335,0.929127,-0.353390,0.108806,26.064867,0
5,0.727394,-0.671387,0.141904,0.929127,-0.353390,0.108806,26.087353,0
5,0.737474,-0.662135,0.133075,0.929127,-0.353390,0.108806,26.110073,0
5,0.747223,-0.653027,0.123346,0.929127,-0.353390,0.108806,26.131990,0
5,0.755087,-0.645707,0.113605,0.929127,-0.353390,0.108806,26.154018,0
5,0.763203,-0.637668,0.104406,0.929127,-0.353390,0.108806,26.176176,0
5,0.771095,-0.629549,0.095292,0.929127,-0.353390,0.108806,26.198626,0
5,0.777152,-0.623291,0.086853,0.929127,-0.353390,0.108806,26.220718,0
5,0.781804,-0.618477,0.079172,0.929127,-0.353390,0.108806,26.243378,0
5,0.785551,-0.614570,0.072205,0.929127,-0.353390,0.108806,26.265350,0
5,0.786847,-0.613486,0.067127,0.929127,-0.353390,0.108806,26.287680,0
5,0.785835,-0.615023,0.064885,0.929127,-0.353390,0.108806,26.311516,0
5,0.782667,-0.618978,0.065567,0.929127,-0.353390,0.108806,26.332863,0
5,0.777139,-0.625720,0.067300,0.929127,-0.353390,0.108806,26.354923,0
5,0.769352,-0.634942,0.070325,0.929127,-0.353390,0.108806,26.378124,0
5,0.760263,-0.645211,0.075519,0.929127,-0.353390,0.108806,26.399050,0
5,0.748185,-0.658253,0.083205,0.929127,-0.353390,0.108806,26.421705,0
5,0.734143,-0.672766,0.091760,0.929127,-0.353390,0.108806,26.444407,0
5,0.721152,-0.685727,0.098580,0.929127,-0.353390,0.108806,26.465601,0
5,0.709737,-0.696792,0.103702,0.929127,-0.353390,0.108806,26.487638,0
5,0.698303,-0.707566,0.108276,0.929127,-0.353390,0.108806,26.510681,0
5,0.689596,-0.715413,0.112431,0.929127,-0.353390,0.108806,26.532269,0
5,0.684574,-0.719858,0.114730,0.929127,-0.353390,0.108806,26.555113,0
5,0.683002,-0.721282,0.115158,0.929127,-0.353390,0.108806,26.576530,0
5,0.683394,-0.721171,0.113514,0.929127,-0.353390,0.108806,26.599337,0
5,0.685275,-0.719735,0.111264,0.929127,-0.353390,0.108806,26.620874,0
5,0.689142,-0.716424,0.108723,0.929127,-0.353390,0.108806,26.643093,0
5,0.693399,-0.712693,0.106145,0.929127,-0.353390,0.108806,26.665628,0
5,0.697249,-0.709255,0.103929,0.929127,-0.353390,0.108806,26.687181,0
5,0.700228,-0.706493,0.102703,0.929127,-0.353390,0.108806,26.709816,0
5,0.702089,-0.704818,0.101499,0.929127,-0.353390,0.108806,26.731852,0
5,0.703931,-0.703206,0.099913,0.929127,-0.353390,0.108806,26.754253,0
5,0.705511,-0.701901,0.097924,0.929127,-0.353390,0.108806,26.776165,0
5,0.706472,-0.701132,0.096498,0.929127,-0.353390,0.108806,26.798100,0
5,0.707957,-0.699821,0.095115,0.929127,-0.353390,0.108806,26.821037,0
5,0.709713,-0.698303,0.093169,0.929127,-0.353390,0.108806,26.842859,0
5,0.711381,-0.696850,0.091305,0.929127,-0.353390,0.108806,26.865072,0
5,0.713734,-0.694702,0.089294,0.929127,-0.353390,0.108806,26.887383,0
5,0.718060,-0.690691,0.085651,0.929127,-0.353390,0.108806,26.909557,0
5,0.724089,-0.684929,0.081039,0.929127,-0.353390,0.108806,26.931683,0
5,0.730062,-0.678859,0.078480,0.929127,-0.353390,0.108806,26.953785,0
5,0.736548,-0.671837,0.078316,0.929127,-0.353390,0.108806,26.976042,0
5,0.745420,-0.662036,0.077824,0.929127,-0.353390,0.108806,26.998888,0
5,0.757423,-0.648474,0.076103,0.929127,-0.353390,0.108806,27.020472,0
5,0.768985,-0.635044,0.073355,0.929127,-0.353390,0.108806,27.042654,0
6,0.907718,0.407591,0.099584,0.949803,0.291310,0.114070,30.286087,0
6,0.910023,0.404294,0.091677,0.949803,0.291310,0.114070,30.309502,0
6,0.912321,0.400938,0.083186,0.949803,0.291310,0.114070,30.332796,0
6,0.914480,0.397442,0.075937,0.949803,0.291310,0.114070,30.352530,0
6,0.916384,0.394204,0.069604,0.949803,0.291310,0.114070,30.374409,0
6,0.918230,0.390897,0.063660,0.949803,0.291310,0.114070,30.396711,0
6,0.920173,0.387292,0.057330,0.949803,0.291310,0.114070,30.418686,0
6,0.922030,0.383663,0.051609,0.949803,0.291310,0.114070,30.441727,0
6,0.923865,0.379768,0.047433,0.949803,0.291310,0.114070,30.463594,0
6,0.925818,0.375247,0.045283,0.949803,0.291310,0.114070,30.485294,0
6,0.927647,0.370846,0.044096,0.949803,0.291310,0.114070,30.507584,0
6,0.929448,0.366350,0.043757,0.949803,0.291310,0.114070,30.529905,0
6,0.931136,0.361921,0.044712,0.949803,0.291310,0.114070,30.551949,0
6,0.932600,0.357945,0.046179,0.949803,0.291310,0.114070,30.573832,0
6,0.933963,0.354172,0.047711,0.949803,0.291310,0.114070,30.596258,0
6,0.935096,0.350925,0.049469,0.949803,0.291310,0.114070,30.618713,0
6,0.936180,0.347724,0.051524,0.949803,0.291310,0.114070,30.640709,0
6,0.937171,0.344773,0.053313,0.949803,0.291310,0.114070,30.663101,0
6,0.938009,0.342231,0.054937,0.949803,0.291310,0.114070,30.685030,0
6,0.939114,0.338906,0.056637,0.949803,0.291310,0.114070,30.707211,0
6,0.940924,0.333511,0.058581,0.949803,0.291310,0.114070,30.729996,0
6,0.943083,0.327072,0.060153,0.949803,0.291310,0.114070,30.751781,0
6,0.945309,0.320354,0.061356,0.949803,0.291310,0.114070,30.774223,0
6,0.948185,0.311518,0.062456,0.949803,0.291310,0.114070,30.796310,0
6,0.952180,0.299065,0.062549,0.949803,0.291310,0.114070,30.818394,0
6,0.957242,0.282469,0.062442,0.949803,0.291310,0.114070,30.840826,0
6,0.964432,0.256661,0.063207,0.949803,0.291310,0.114070,30.862667,0
6,0.973041,0.221574,0.063998,0.949803,0.291310,0.114070,30.885077,0
6,0.980789,0.184108,0.064477,0.949803,0.291310,0.114070,30.907108,0
6,0.987152,0.145931,0.065075,0.949803,0.291310,0.114070,30.929384,0
6,0.992114,0.107009,0.065261,0.949803,0.291310,0.114070,30.952009,0
6,0.995556,0.069391,0.063667,0.949803,0.291310,0.114070,30.973618,0
6,0.997415,0.035961,0.062208,0.949803,0.291310,0.114070,30.996559,0
6,0.998023,0.008544,0.062268,0.949803,0.291310,0.114070,31.018827,0
6,0.997892,-0.015387,0.063043,0.949803,0.291310,0.114070,31.040754,0
6,0.997157,-0.039722,0.064024,0.949803,0.291310,0.114070,31.063019,0
6,0.996053,-0.059976,0.065439,0.949803,0.291310,0.114070,31.085369,0
6,0.994912,-0.074426,0.067905,0.949803,0.291310,0.114070,31.107571,0
6,0.993681,-0.086786,0.071173,0.949803,0.291310,0.114070,31.130360,0
6,0.992265,-0.098352,0.075744,0.949803,0.291310,0.114070,31.153677,0
6,0.990864,-0.107278,0.081734,0.949803,0.291310,0.114070,31.176336,0
6,0.989580,-0.113125,0.089078,0.949803,0.291310,0.114070,31.198301,0
6,0.988467,-0.117890,0.095053,0.949803,0.291310,0.114070,31.220133,0
6,0.987502,-0.121947,0.099839,0.949803,0.291310,0.114070,31.241690,0
6,0.986772,-0.123667,0.104817,0.949803,0.291310,0.114070,31.263737,0
6,0.986272,-0.123997,0.109051,0.949803,0.291310,0.114070,31.286201,0
6,0.986026,-0.124313,0.110900,0.949803,0.291310,0.114070,31.307898,0
6,0.986222,-0.123403,0.110169,0.949803,0.291310,0.114070,31.330124,0
6,0.986840,-0.120594,0.107725,0.949803,0.291310,0.114070,31.351999,0
6,0.987486,-0.118285,0.104305,0.949803,0.291310,0.114070,31.374166,0
6,0.988111,-0.116632,0.100170,0.949803,0.291310,0.114070,31.396452,0
6,0.988771,-0.114807,0.095663,0.949803,0.291310,0.114070,31.419275,0
6,0.989433,-0.112171,0.091873,0.949803,0.291310,0.114070,31.442032,0
6,0.990017,-0.108954,0.089419,0.949803,0.291310,0.114070,31.464203,0
6,0.990435,-0.106986,0.087135,0.949803,0.291310,0.114070,31.486172,0
6,0.990672,-0.106922,0.084477,0.949803,0.291310,0.114070,31.508266,0
6,0.990806,-0.107922,0.081589,0.949803,0.291310,0.114070,31.530323,0
6,0.990755,-0.110469,0.078749,0.949803,0.291310,0.114070,31.552532,0
6,0.990416,-0.115112,0.076322,0.949803,0.291310,0.114070,31.574291,0
6,0.989722,-0.122073,0.074488,0.949803,0.291310,0.114070,31.596558,0
6,0.988512,-0.132181,0.073300,0.949803,0.291310,0.114070,31.618937,0
6,0.986881,-0.144220,0.072577,0.949803,0.291310,0.114070,31.641031,0
6,0.985080,-0.156196,0.072252,0.949803,0.291310,0.114070,31.663536,0
6,0.982805,-0.169350,0.073579,0.949803,0.291310,0.114070,31.685154,0
6,0.979883,-0.184278,0.076621,0.949803,0.291310,0.114070,31.707943,0
6,0.976922,-0.198396,0.079135,0.949803,0.291310,0.114070,31.730080,0
6,0.974136,-0.211040,0.080757,0.949803,0.291310,0.114070,31.752268,0
6,0.970969,-0.224643,0.082186,0.949803,0.291310,0.114070,31.773909,0
6,0.967847,-0.236973,0.084358,0.949803,0.291310,0.114070,31.796194,0
6,0.965475,-0.245913,0.085940,0.949803,0.291310,0.114070,31.818678,0
6,0.963491,-0.253294,0.086763,0.949803,0.291310,0.114070,31.841078,0
6,0.961732,-0.259548,0.087788,0.949803,0.291310,0.114070,31.862915,0
6,0.960403,-0.263901,0.089342,0.949803,0.291310,0.114070,31.885349,0
6,0.959395,-0.266996,0.090959,0.949803,0.291310,0.114070,31.907549,0
7,0.977348,-0.200168,0.068726,0.846571,0.513227,0.141121,34.972702,0
7,0.977389,-0.200030,0.068550,0.846571,0.513227,0.141121,34.995777,0
7,0.977398,-0.199989,0.068535,0.846571,0.513227,0.141121,35.017445,0
7,0.977326,-0.200339,0.068541,0.846571,0.513227,0.141121,35.039501,0
7,0.977397,-0.200032,0.068435,0.846571,0.513227,0.141121,35.061947,0
7,0.977465,-0.199871,0.067927,0.846571,0.513227,0.141121,35.083733,0
7,0.977549,-0.199598,0.067511,0.846571,0.513227,0.141121,35.106060,0
7,0.977590,-0.199628,0.066838,0.846571,0.513227,0.141121,35.128143,0
7,0.977548,-0.199863,0.066748,0.846571,0.513227,0.141121,35.151081,0
7,0.977623,-0.199465,0.066838,0.846571,0.513227,0.141121,35.172832,0
7,0.977642,-0.199435,0.066644,0.846571,0.513227,0.141121,35.195900,0
7,0.977687,-0.199368,0.066186,0.846571,0.513227,0.141121,35.217293,0
7,0.977737,-0.199160,0.066080,0.846571,0.513227,0.141121,35.239643,0
7,0.977901,-0.198467,0.065726,0.846571,0.513227,0.141121,35.262161,0
7,0.977878,-0.198559,0.065789,0.846571,0.513227,0.141121,35.284126,0
7,0.977854,-0.198510,0.066299,0.846571,0.513227,0.141121,35.306282,0
7,0.977890,-0.198184,0.066747,0.846571,0.513227,0.141121,35.328659,0
7,0.978223,-0.196549,0.066694,0.846571,0.513227,0.141121,35.350945,0
7,0.978712,-0.194101,0.066694,0.846571,0.513227,0.141121,35.372738,0
7,0.979208,-0.191576,0.066706,0.846571,0.513227,0.141121,35.395424,0
7,0.979826,-0.188423,0.066621,0.846571,0.513227,0.141121,35.418140,0
7,0.980684,-0.184146,0.065951,0.846571,0.513227,0.141121,35.439766,0
7,0.981475,-0.180148,0.065221,0.846571,0.513227,0.141121,35.461899,0
7,0.982257,-0.176200,0.064232,0.846571,0.513227,0.141121,35.484020,0
7,0.982832,-0.173289,0.063349,0.846571,0.513227,0.141121,35.506615,0
7,0.983308,-0.170791,0.062735,0.846571,0.513227,0.141121,35.528294,0
7,0.983876,-0.167641,0.062321,0.846571,0.513227,0.141121,35.551472,0
7,0.984364,-0.164967,0.061747,0.846571,0.513227,0.141121,35.572712,0
7,0.984789,-0.162625,0.061189,0.846571,0.513227,0.141121,35.595310,0
7,0.985550,-0.158329,0.060199,0.846571,0.513227,0.141121,35.617409,0
7,0.987358,-0.147495,0.058045,0.846571,0.513227,0.141121,35.639542,0
7,0.989644,-0.132138,0.056081,0.846571,0.513227,0.141121,35.661697,0
7,0.991798,-0.115726,0.054267,0.846571,0.513227,0.141121,35.683689,0
7,0.993747,-0.098633,0.052338,0.846571,0.513227,0.141121,35.706123,0
7,0.995792,-0.077258,0.049294,0.846571,0.513227,0.141121,35.728783,0
7,0.997628,-0.050822,0.046416,0.846571,0.513227,0.141121,35.750542,0
7,0.998778,-0.022314,0.044097,0.846571,0.513227,0.141121,35.772686,0
7,0.999076,0.003878,0.042802,0.846571,0.513227,0.141121,35.794777,0
7,0.998716,0.030211,0.040667,0.846571,0.513227,0.141121,35.816868,0
7,0.997489,0.059294,0.038720,0.846571,0.513227,0.141121,35.840206,0
7,0.995437,0.087527,0.038006,0.846571,0.513227,0.141121,35.861500,0
7,0.992868,0.113052,0.037837,0.846571,0.513227,0.141121,35.883709,0
7,0.989919,0.136412,0.038114,0.846571,0.513227,0.141121,35.905518,0
7,0.986594,0.158559,0.038607,0.846571,0.513227,0.141121,35.928768,0
7,0.983299,0.177607,0.039722,0.846571,0.513227,0.141121,35.950378,0
7,0.980389,0.192647,0.041535,0.846571,0.513227,0.141121,35.972301,0
7,0.977487,0.206516,0.043244,0.846571,0.513227,0.141121,35.994583,0
7,0.974687,0.219030,0.044849,0.846571,0.513227,0.141121,36.016922,0
7,0.972542,0.227969,0.046813,0.846571,0.513227,0.141121,36.039257,0
7,0.971126,0.233446,0.049169,0.846571,0.513227,0.141121,36.061337,0
7,0.969882,0.238190,0.050925,0.846571,0.513227,0.141121,36.083450,0
7,0.968675,0.242692,0.052615,0.846571,0.513227,0.141121,36.105698,0
7,0.967581,0.246456,0.055201,0.846571,0.513227,0.141121,36.127796,0
7,0.966972,0.248147,0.058209,0.846571,0.513227,0.141121,36.150208,0
7,0.966799,0.248209,0.060759,0.846571,0.513227,0.141121,36.172371,0
7,0.966840,0.247747,0.061988,0.846571,0.513227,0.141121,36.194874,0
7,0.967082,0.246705,0.062367,0.846571,0.513227,0.141121,36.217056,0
7,0.967276,0.245872,0.062635,0.846571,0.513227,0.141121,36.239891,0
7,0.967565,0.244596,0.063178,0.846571,0.513227,0.141121,36.262222,0
7,0.967693,0.243891,0.063931,0.846571,0.513227,0.141121,36.284748,0
7,0.967723,0.243582,0.064661,0.846571,0.513227,0.141121,36.306648,0
7,0.967707,0.243395,0.065589,0.846571,0.513227,0.141121,36.328930,0
7,0.967571,0.243690,0.066499,0.846571,0.513227,0.141121,36.350899,0
7,0.967321,0.244454,0.067330,0.846571,0.513227,0.141121,36.372692,0
7,0.966748,0.246424,0.068371,0.846571,0.513227,0.141121,36.394428,0
7,0.965203,0.252007,0.069832,0.846571,0.513227,0.141121,36.416576,0
7,0.962173,0.262968,0.071207,0.846571,0.513227,0.141121,36.440063,0
7,0.958007,0.277427,0.072501,0.846571,0.513227,0.141121,36.461079,0
7,0.953756,0.291510,0.073291,0.846571,0.513227,0.141121,36.483349,0
7,0.949575,0.304885,0.073166,0.846571,0.513227,0.141121,36.506283,0
7,0.945091,0.318671,0.072464,0.846571,0.513227,0.141121,36.527939,0
7,0.940347,0.332708,0.071080,0.846571,0.513227,0.141121,36.550884,0
7,0.935468,0.346334,0.070365,0.846571,0.513227,0.141121,36.572632,0
7,0.931086,0.358077,0.069714,0.846571,0.513227,0.141121,36.594593,0
7,0.927118,0.368384,0.068890,0.846571,0.513227,0.141121,36.616714,0
7,0.923557,0.377484,0.067443,0.846571,0.513227,0.141121,36.638977,0
7,0.920571,0.384887,0.066419,0.846571,0.513227,0.141121,36.661057,0
7,0.918296,0.390397,0.065744,0.846571,0.513227,0.141121,36.683002,0
7,0.916836,0.393847,0.065552,0.846571,0.513227,0.141121,36.705109,0
7,0.916168,0.395489,0.065001,0.846571,0.513227,0.141121,36.727367,0
7,0.916123,0.395684,0.064441,0.846571,0.513227,0.141121,36.750000,0
7,0.916653,0.394546,0.063877,0.846571,0.513227,0.141121,36.771774,0
7,0.917488,0.392582,0.063997,0.846571,0.513227,0.141121,36.793991,0
7,0.918839,0.389216,0.065157,0.846571,0.513227,0.141121,36.816254,0
7,0.920738,0.384501,0.066332,0.846571,0.513227,0.141121,36.838764,0
7,0.922744,0.379538,0.067043,0.846571,0.513227,0.141121,36.860714,0
7,0.924742,0.374474,0.067975,0.846571,0.513227,0.141121,36.883324,0
7,0.927607,0.367082,0.069254,0.846571,0.513227,0.141121,36.904850,0
7,0.931899,0.355739,0.070812,0.846571,0.513227,0.141121,36.927185,0
7,0.936847,0.342254,0.071971,0.846571,0.513227,0.141121,36.949474,0
7,0.941874,0.327923,0.073074,0.846571,0.513227,0.141121,36.971825,0
7,0.947841,0.309875,0.074670,0.846571,0.513227,0.141121,36.993874,0
7,0.954049,0.289824,0.076107,0.846571,0.513227,0.141121,37.015896,0
7,0.959981,0.269293,0.076928,0.846571,0.513227,0.141121,37.038357,0
7,0.966272,0.245581,0.077514,0.846571,0.513227,0.141121,37.060646,0
7,0.972017,0.221473,0.078311,0.846571,0.513227,0.141121,37.082718,0
7,0.976297,0.201162,0.079865,0.846571,0.513227,0.141121,37.104996,0
8,0.996387,0.082629,0.019615,0.955843,-0.259065,0.138740,40.482437,0
8,0.996396,0.082430,0.019991,0.955843,-0.259065,0.138740,40.505680,0
8,0.996422,0.082197,0.019673,0.955843,-0.259065,0.138740,40.526009,0
8,0.996462,0.081714,0.019671,0.955843,-0.259065,0.138740,40.548885,0
8,0.996487,0.081500,0.019275,0.955843,-0.259065,0.138740,40.571022,0
8,0.996510,0.081219,0.019280,0.955843,-0.259065,0.138740,40.592766,0
8,0.996529,0.081015,0.019156,0.955843,-0.259065,0.138740,40.614639,0
8,0.996546,0.080855,0.018945,0.955843,-0.259065,0.138740,40.636963,0
8,0.996537,0.081026,0.018659,0.955843,-0.259065,0.138740,40.658737,0
8,0.996506,0.081419,0.018616,0.955843,-0.259065,0.138740,40.681404,0
8,0.996496,0.081487,0.018880,0.955843,-0.259065,0.138740,40.702999,0
8,0.996513,0.081236,0.019038,0.955843,-0.259065,0.138740,40.725159,0
8,0.996540,0.080970,0.018768,0.955843,-0.259065,0.138740,40.747589,0
8,0.996561,0.080823,0.018283,0.955843,-0.259065,0.138740,40.769596,0
8,0.996615,0.080236,0.017885,0.955843,-0.259065,0.138740,40.791836,0
8,0.996638,0.080065,0.017385,0.955843,-0.259065,0.138740,40.814079,0
8,0.996706,0.079218,0.017387,0.955843,-0.259065,0.138740,40.835850,0
8,0.996815,0.077784,0.017604,0.955843,-0.259065,0.138740,40.858494,0
8,0.997044,0.074785,0.017616,0.955843,-0.259065,0.138740,40.881218,0
8,0.997288,0.071441,0.017665,0.955843,-0.259065,0.138740,40.902874,0
8,0.997552,0.067643,0.017720,0.955843,-0.259065,0.138740,40.925205,0
8,0.998051,0.059326,0.019376,0.955843,-0.259065,0.138740,40.947098,0
8,0.998602,0.048341,0.021388,0.955843,-0.259065,0.138740,40.969460,0
8,0.999040,0.037396,0.022799,0.955843,-0.259065,0.138740,40.991676,0
8,0.999361,0.026411,0.024072,0.955843,-0.259065,0.138740,41.013767,0
8,0.999606,0.011295,0.025680,0.955843,-0.259065,0.138740,41.036247,0
8,0.999581,-0.007343,0.028013,0.955843,-0.259065,0.138740,41.058189,0
8,0.999214,-0.025985,0.029949,0.955843,-0.259065,0.138740,41.080662,0
8,0.998464,-0.045673,0.031378,0.955843,-0.259065,0.138740,41.102543,0
8,0.997073,-0.068576,0.033815,0.955843,-0.259065,0.138740,41.124779,0
8,0.994945,-0.093719,0.036078,0.955843,-0.259065,0.138740,41.146984,0
8,0.992079,-0.119882,0.037509,0.955843,-0.259065,0.138740,41.169388,0
8,0.988347,-0.147357,0.038164,0.955843,-0.259065,0.138740,41.191544,0
8,0.983790,-0.175071,0.038831,0.955843,-0.259065,0.138740,41.213818,0
8,0.978573,-0.202140,0.039178,0.955843,-0.259065,0.138740,41.236530,0
8,0.972800,-0.228177,0.039952,0.955843,-0.259065,0.138740,41.258915,0
8,0.966112,-0.254835,0.041067,0.955843,-0.259065,0.138740,41.281002,0
8,0.958318,-0.282459,0.042946,0.955843,-0.259065,0.138740,41.304180,0
8,0.951317,-0.304966,0.044628,0.955843,-0.259065,0.138740,41.326004,0
8,0.945358,-0.322820,0.045661,0.955843,-0.259065,0.138740,41.348434,0
8,0.939470,-0.339386,0.047034,0.955843,-0.259065,0.138740,41.370361,0
8,0.933625,-0.354822,0.049451,0.955843,-0.259065,0.138740,41.392433,0
8,0.929281,-0.365851,0.050888,0.955843,-0.259065,0.138740,41.415287,0
8,0.926333,-0.373066,0.052236,0.955843,-0.259065,0.138740,41.436497,0
8,0.923893,-0.378903,0.053425,0.955843,-0.259065,0.138740,41.459286,0
8,0.921839,-0.383700,0.054652,0.955843,-0.259065,0.138740,41.481239,0
8,0.921101,-0.385383,0.055252,0.955843,-0.259065,0.138740,41.503750,0
8,0.921212,-0.385219,0.054539,0.955843,-0.259065,0.138740,41.525627,0
8,0.921591,-0.384680,0.051883,0.955843,-0.259065,0.138740,41.549053,0
8,0.922078,-0.383801,0.049689,0.955843,-0.259065,0.138740,41.569977,0
8,0.923561,-0.380481,0.047627,0.955843,-0.259065,0.138740,41.591820,0
8,0.925542,-0.376000,0.044683,0.955843,-0.259065,0.138740,41.614079,0
8,0.927703,-0.371113,0.040526,0.955843,-0.259065,0.138740,41.635803,0
8,0.929596,-0.366690,0.037277,0.955843,-0.259065,0.138740,41.658276,0
8,0.931343,-0.362471,0.034851,0.955843,-0.259065,0.138740,41.680431,0
8,0.932686,-0.359211,0.032620,0.955843,-0.259065,0.138740,41.702206,0
8,0.933540,-0.357182,0.030396,0.955843,-0.259065,0.138740,41.724396,0
8,0.934142,-0.355759,0.028519,0.955843,-0.259065,0.138740,41.746922,0
8,0.933994,-0.356307,0.026462,0.955843,-0.259065,0.138740,41.769096,0
8,0.932898,-0.359304,0.024531,0.955843,-0.259065,0.138740,41.791542,0
8,0.931846,-0.362092,0.023504,0.955843,-0.259065,0.138740,41.813419,0
8,0.930918,-0.364478,0.023418,0.955843,-0.259065,0.138740,41.835598,0
8,0.929148,-0.368917,0.024152,0.955843,-0.259065,0.138740,41.857952,0
8,0.927129,-0.373917,0.024866,0.955843,-0.259065,0.138740,41.881073,0
8,0.925462,-0.377987,0.025421,0.955843,-0.259065,0.138740,41.902504,0
8,0.923182,-0.383471,0.026176,0.955843,-0.259065,0.138740,41.924740,0
8,0.919918,-0.391114,0.027934,0.955843,-0.259065,0.138740,41.947128,0
8,0.916977,-0.397869,0.029215,0.955843,-0.259065,0.138740,41.969273,0
8,0.915027,-0.402281,0.029929,0.955843,-0.259065,0.138740,41.991383,0
8,0.913323,-0.406120,0.030113,0.955843,-0.259065,0.138740,42.013462,0
8,0.912058,-0.408914,0.030648,0.955843,-0.259065,0.138740,42.035645,0
8,0.911774,-0.409472,0.031633,0.955843,-0.259065,0.138740,42.058323,0
8,0.912147,-0.408621,0.031899,0.955843,-0.259065,0.138740,42.080578,0
8,0.912627,-0.407563,0.031681,0.955843,-0.259065,0.138740,42.102310,0
8,0.913615,-0.405436,0.030489,0.955843,-0.259065,0.138740,42.124516,0
8,0.914540,-0.403392,0.029860,0.955843,-0.259065,0.138740,42.146976,0
8,0.914457,-0.403575,0.029922,0.955843,-0.259065,0.138740,42.169071,0
8,0.913937,-0.404762,0.029788,0.955843,-0.259065,0.138740,42.191200,0
8,0.913646,-0.405431,0.029620,0.955843,-0.259065,0.138740,42.213737,0
8,0.912951,-0.406944,0.030270,0.955843,-0.259065,0.138740,42.235752,0
8,0.912219,-0.408517,0.031166,0.955843,-0.259065,0.138740,42.258652,0
8,0.911941,-0.409069,0.032037,0.955843,-0.259065,0.138740,42.280361,0
8,0.911090,-0.410864,0.033245,0.955843,-0.259065,0.138740,42.302753,0
8,0.909017,-0.415183,0.036215,0.955843,-0.259065,0.138740,42.325195,0
8,0.906051,-0.421422,0.038412,0.955843,-0.259065,0.138740,42.348629,0
8,0.902812,-0.428123,0.040508,0.955843,-0.259065,0.138740,42.369987,0
8,0.897889,-0.438014,0.044038,0.955843,-0.259065,0.138740,42.391994,0
8,0.891380,-0.450682,0.048237,0.955843,-0.259065,0.138740,42.415390,0
8,0.884769,-0.463164,0.051601,0.955843,-0.259065,0.138740,42.436272,0
8,0.878322,-0.475016,0.053937,0.955843,-0.259065,0.138740,42.458279,0
8,0.871836,-0.486545,0.056349,0.955843,-0.259065,0.138740,42.480797,0
9,0.998508,0.011970,0.053276,0.973895,0.200391,0.106641,45.701660,0
9,0.998227,0.012010,0.058300,0.973895,0.200391,0.106641,45.724617,0
9,0.997967,0.012426,0.062508,0.973895,0.200391,0.106641,45.746010,0
9,0.997666,0.012249,0.067171,0.973895,0.200391,0.106641,45.767845,0
9,0.997283,0.011381,0.072775,0.973895,0.200391,0.106641,45.789986,0
9,0.996915,0.010905,0.077726,0.973895,0.200391,0.106641,45.813114,0
9,0.996519,0.010900,0.082649,0.973895,0.200391,0.106641,45.834743,0
9,0.995985,0.011064,0.088838,0.973895,0.200391,0.106641,45.856777,0
9,0.995360,0.010126,0.095692,0.973895,0.200391,0.106641,45.879444,0
9,0.994830,0.008950,0.101160,0.973895,0.200391,0.106641,45.901157,0
9,0.994503,0.007825,0.104417,0.973895,0.200391,0.106641,45.923199,0
9,0.994399,0.006114,0.105515,0.973895,0.200391,0.106641,45.945724,0
9,0.994300,0.004397,0.106531,0.973895,0.200391,0.106641,45.967915,0
9,0.994172,0.003037,0.107764,0.973895,0.200391,0.106641,45.990273,0
9,0.994119,0.002427,0.108266,0.973895,0.200391,0.106641,46.012424,0
9,0.994253,0.002008,0.107033,0.973895,0.200391,0.106641,46.034481,0
9,0.994550,0.002383,0.104236,0.973895,0.200391,0.106641,46.056496,0
9,0.994851,0.003653,0.101282,0.973895,0.200391,0.106641,46.078876,0
9,0.994979,0.005553,0.099931,0.973895,0.200391,0.106641,46.101501,0
9,0.995042,0.007319,0.099185,0.973895,0.200391,0.106641,46.123276,0
9,0.995130,0.009221,0.098134,0.973895,0.200391,0.106641,46.145813,0
9,0.995257,0.009631,0.096807,0.973895,0.200391,0.106641,46.167641,0
9,0.995421,0.008545,0.095210,0.973895,0.200391,0.106641,46.189838,0
9,0.995604,0.007046,0.093396,0.973895,0.200391,0.106641,46.212536,0
9,0.995765,0.003908,0.091855,0.973895,0.200391,0.106641,46.234676,0
9,0.995803,-0.004370,0.091415,0.973895,0.200391,0.106641,46.256920,0
9,0.995604,-0.016705,0.092163,0.973895,0.200391,0.106641,46.278988,0
9,0.995204,-0.029538,0.093252,0.973895,0.200391,0.106641,46.300880,0
9,0.994647,-0.043446,0.093752,0.973895,0.200391,0.106641,46.323265,0
9,0.993774,-0.059312,0.094315,0.973895,0.200391,0.106641,46.346085,0
9,0.992649,-0.075864,0.094298,0.973895,0.200391,0.106641,46.368130,0
9,0.991098,-0.093877,0.094406,0.973895,0.200391,0.106641,46.390732,0
9,0.989110,-0.112585,0.094794,0.973895,0.200391,0.106641,46.412941,0
9,0.986884,-0.130012,0.095687,0.973895,0.200391,0.106641,46.434135,0
9,0.984728,-0.144872,0.096551,0.973895,0.200391,0.106641,46.456776,0
9,0.982492,-0.158898,0.097264,0.973895,0.200391,0.106641,46.478687,0
9,0.980370,-0.171742,0.096848,0.973895,0.200391,0.106641,46.501060,0
9,0.978479,-0.182047,0.097152,0.973895,0.200391,0.106641,46.523125,0
9,0.976963,-0.190041,0.097096,0.973895,0.200391,0.106641,46.545399,0
9,0.975903,-0.195338,0.097239,0.973895,0.200391,0.106641,46.567314,0
9,0.974911,-0.200201,0.097305,0.973895,0.200391,0.106641,46.590111,0
9,0.974270,-0.203439,0.097010,0.973895,0.200391,0.106641,46.612823,0
9,0.974067,-0.205065,0.095609,0.973895,0.200391,0.106641,46.635170,0
9,0.974228,-0.205518,0.092963,0.973895,0.200391,0.106641,46.656620,0
9,0.974653,-0.204817,0.090008,0.973895,0.200391,0.106641,46.679779,0
9,0.975345,-0.203059,0.086425,0.973895,0.200391,0.106641,46.700672,0
9,0.976138,-0.201016,0.082146,0.973895,0.200391,0.106641,46.722748,0
9,0.976970,-0.198831,0.077432,0.973895,0.200391,0.106641,46.745064,0
9,0.977789,-0.196382,0.073225,0.973895,0.200391,0.106641,46.767452,0
9,0.978508,-0.194337,0.068964,0.973895,0.200391,0.106641,46.789600,0
9,0.979146,-0.192369,0.065320,0.973895,0.200391,0.106641,46.811653,0
9,0.979560,-0.191349,0.062025,0.973895,0.200391,0.106641,46.833229,0
9,0.979846,-0.190846,0.058988,0.973895,0.200391,0.106641,46.855583,0
9,0.980020,-0.190744,0.056366,0.973895,0.200391,0.106641,46.878334,0
9,0.980282,-0.190278,0.053309,0.973895,0.200391,0.106641,46.900539,0
9,0.980279,-0.190924,0.050995,0.973895,0.200391,0.106641,46.922249,0
9,0.980214,-0.191575,0.049802,0.973895,0.200391,0.106641,46.944534,0
9,0.980160,-0.192089,0.048875,0.973895,0.200391,0.106641,46.966885,0
9,0.980013,-0.193043,0.048056,0.973895,0.200391,0.106641,46.989540,0
9,0.979842,-0.194012,0.047628,0.973895,0.200391,0.106641,47.011566,0
9,0.979548,-0.195322,0.048335,0.973895,0.200391,0.106641,47.033501,0
9,0.979172,-0.196903,0.049509,0.973895,0.200391,0.106641,47.055954,0
9,0.978774,-0.198534,0.050841,0.973895,0.200391,0.106641,47.077690,0
9,0.978253,-0.200779,0.052057,0.973895,0.200391,0.106641,47.100315,0
9,0.977500,-0.204082,0.053337,0.973895,0.200391,0.106641,47.122341,0
9,0.976619,-0.207842,0.054919,0.973895,0.200391,0.106641,47.144699,0
9,0.975802,-0.211479,0.055570,0.973895,0.200391,0.106641,47.166874,0
9,0.975031,-0.214764,0.056487,0.973895,0.200391,0.106641,47.189003,0
9,0.974278,-0.217912,0.057416,0.973895,0.200391,0.106641,47.211746,0
9,0.973083,-0.222903,0.058514,0.973895,0.200391,0.106641,47.233398,0
9,0.971488,-0.229215,0.060597,0.973895,0.200391,0.106641,47.255333,0
9,0.969939,-0.235168,0.062568,0.973895,0.200391,0.106641,47.277420,0
9,0.968513,-0.240544,0.064202,0.973895,0.200391,0.106641,47.300426,0
9,0.966834,-0.246838,0.065602,0.973895,0.200391,0.106641,47.322323,0
9,0.964952,-0.253733,0.066981,0.973895,0.200391,0.106641,47.344627,0
9,0.963208,-0.260161,0.067425,0.973895,0.200391,0.106641,47.367863,0
9,0.961517,-0.266518,0.066727,0.973895,0.200391,0.106641,47.390339,0
9,0.959363,-0.274447,0.065583,0.973895,0.200391,0.106641,47.411247,0
9,0.956967,-0.282953,0.064432,0.973895,0.200391,0.106641,47.433411,0
9,0.954816,-0.290332,0.063511,0.973895,0.200391,0.106641,47.455738,0
9,0.952460,-0.298158,0.062624,0.973895,0.200391,0.106641,47.477745,0
9,0.949969,-0.306049,0.062389,0.973895,0.200391,0.106641,47.499737,0
9,0.947815,-0.312672,0.062308,0.973895,0.200391,0.106641,47.521851,0
9,0.946099,-0.317958,0.061639,0.973895,0.200391,0.106641,47.544113,0
9,0.944706,-0.322246,0.060727,0.973895,0.200391,0.106641,47.566544,0
9,0.943723,-0.325244,0.060032,0.973895,0.200391,0.106641,47.589443,0
9,0.943535,-0.325764,0.060167,0.973895,0.200391,0.106641,47.610954,0
9,0.943651,-0.325459,0.059987,0.973895,0.200391,0.106641,47.632866,0
9,0.943745,-0.325237,0.059722,0.973895,0.200391,0.106641,47.655247,0
10,0.902006,-0.431043,0.024239,0.944891,-0.299602,0.131979,50.765362,0
10,0.899295,-0.436595,0.025571,0.944891,-0.299602,0.131979,50.793434,0
10,0.896866,-0.441505,0.026564,0.944891,-0.299602,0.131979,50.821697,0
10,0.894874,-0.445476,0.027397,0.944891,-0.299602,0.131979,50.850216,0
10,0.891832,-0.451405,0.029498,0.944891,-0.299602,0.131979,50.877895,0
10,0.890877,-0.453187,0.030978,0.944891,-0.299602,0.131979,50.905563,0
10,0.890288,-0.454264,0.032120,0.944891,-0.299602,0.131979,50.932625,0
10,0.890189,-0.454399,0.032944,0.944891,-0.299602,0.131979,50.959465,0
10,0.890497,-0.453714,0.034038,0.944891,-0.299602,0.131979,50.988792,0
10,0.890773,-0.453089,0.035110,0.944891,-0.299602,0.131979,51.017002,0
10,0.891307,-0.452016,0.035390,0.944891,-0.299602,0.131979,51.045052,0
10,0.892145,-0.450375,0.035206,0.944891,-0.299602,0.131979,51.072235,0
10,0.892950,-0.448754,0.035510,0.944891,-0.299602,0.131979,51.101234,0
10,0.893604,-0.447513,0.034702,0.944891,-0.299602,0.131979,51.130146,0
10,0.893640,-0.447459,0.034475,0.944891,-0.299602,0.131979,51.157997,0
10,0.892262,-0.450202,0.034442,0.944891,-0.299602,0.131979,51.186249,0
10,0.892262,-0.450202,0.034442,0.944891,-0.299602,0.131979,51.216885,0
10,0.889159,-0.456401,0.033063,0.944891,-0.299602,0.131979,51.246136,0
10,0.882269,-0.469545,0.033605,0.944891,-0.299602,0.131979,51.273979,0
10,0.873704,-0.485248,0.034287,0.944891,-0.299602,0.131979,51.302952,0
10,0.862734,-0.504425,0.035283,0.944891,-0.299602,0.131979,51.330463,0
10,0.850620,-0.524527,0.036303,0.944891,-0.299602,0.131979,51.363049,0
10,0.838481,-0.543704,0.036558,0.944891,-0.299602,0.131979,51.396267,0
10,0.827054,-0.560875,0.037426,0.944891,-0.299602,0.131979,51.431118,0
10,0.816701,-0.575734,0.039108,0.944891,-0.299602,0.131979,51.464993,0
10,0.808648,-0.586870,0.040892,0.944891,-0.299602,0.131979,51.497921,0
10,0.801778,-0.596076,0.042951,0.944891,-0.299602,0.131979,51.530495,0
10,0.796365,-0.603056,0.046107,0.944891,-0.299602,0.131979,51.563210,0
10,0.793682,-0.606418,0.048232,0.944891,-0.299602,0.131979,51.596252,0
10,0.792594,-0.607670,0.050316,0.944891,-0.299602,0.131979,51.629269,0
10,0.793216,-0.606726,0.051885,0.944891,-0.299602,0.131979,51.662632,0
10,0.794653,-0.604822,0.052128,0.944891,-0.299602,0.131979,51.696339,0
10,0.796842,-0.602011,0.051229,0.944891,-0.299602,0.131979,51.730366,0
10,0.798763,-0.599643,0.049048,0.944891,-0.299602,0.131979,51.763020,0
10,0.800664,-0.597132,0.048697,0.944891,-0.299602,0.131979,51.792015,0
10,0.801689,-0.595779,0.048387,0.944891,-0.299602,0.131979,51.819893,0
10,0.802991,-0.594162,0.046651,0.944891,-0.299602,0.131979,51.847610,0
10,0.805439,-0.591011,0.044432,0.944891,-0.299602,0.131979,51.874947,0
10,0.806383,-0.589667,0.045159,0.944891,-0.299602,0.131979,51.904041,0
10,0.807383,-0.588198,0.046434,0.944891,-0.299602,0.131979,51.933945,0
10,0.808380,-0.586855,0.046068,0.944891,-0.299602,0.131979,51.963417,0
10,0.810068,-0.584664,0.044250,0.944891,-0.299602,0.131979,51.990929,0
10,0.810448,-0.584151,0.044065,0.944891,-0.299602,0.131979,52.017925,0
10,0.810806,-0.583632,0.044353,0.944891,-0.299602,0.131979,52.044685,0
10,0.811458,-0.582746,0.044083,0.944891,-0.299602,0.131979,52.071575,0
10,0.812596,-0.580959,0.046632,0.944891,-0.299602,0.131979,52.098145,0
10,0.812784,-0.580481,0.049235,0.944891,-0.299602,0.131979,52.126068,0
10,0.813137,-0.579803,0.051346,0.944891,-0.299602,0.131979,52.155033,0
10,0.813338,-0.579476,0.051862,0.944891,-0.299602,0.131979,52.183159,0
10,0.812410,-0.580654,0.053209,0.944891,-0.299602,0.131979,52.213055,0
10,0.812540,-0.580334,0.054696,0.944891,-0.299602,0.131979,52.241978,0
10,0.812597,-0.580169,0.055582,0.944891,-0.299602,0.131979,52.269348,0
10,0.811361,-0.581546,0.059149,0.944891,-0.299602,0.131979,52.298351,0
10,0.811036,-0.581740,0.061634,0.944891,-0.299602,0.131979,52.329403,0
10,0.810458,-0.582299,0.063918,0.944891,-0.299602,0.131979,52.363564,0
10,0.807843,-0.585392,0.068605,0.944891,-0.299602,0.131979,52.396641,0
10,0.806427,-0.586665,0.074158,0.944891,-0.299602,0.131979,52.433617,0
10,0.804177,-0.588087,0.086325,0.944891,-0.299602,0.131979,52.468525,0
10,0.800767,-0.591501,0.094335,0.944891,-0.299602,0.131979,52.500065,0
10,0.798146,-0.594201,0.099437,0.944891,-0.299602,0.131979,52.528412,0
10,0.795543,-0.596786,0.104682,0.944891,-0.299602,0.131979,52.557827,0
10,0.793287,-0.599188,0.108022,0.944891,-0.299602,0.131979,52.587685,0
10,0.791003,-0.602005,0.109107,0.944891,-0.299602,0.131979,52.617851,0
10,0.788868,-0.604602,0.110201,0.944891,-0.299602,0.131979,52.646534,0
10,0.787342,-0.606506,0.110644,0.944891,-0.299602,0.131979,52.676834,0
10,0.787342,-0.606506,0.110644,0.944891,-0.299602,0.131979,52.708237,0
10,0.786635,-0.607247,0.111607,0.944891,-0.299602,0.131979,52.738811,0
10,0.785539,-0.608514,0.112424,0.944891,-0.299602,0.131979,52.768547,0
