1,0.999807,0.009165,0.017366,0.900427,0.421605,0.107149,3.032141,0
1,0.999812,0.009102,0.017126,0.900427,0.421605,0.107149,3.065771,0
1,0.999817,0.009357,0.016655,0.900427,0.421605,0.107149,3.098108,0
1,0.999827,0.009139,0.016181,0.900427,0.421605,0.107149,3.131549,0
1,0.999827,0.009219,0.016149,0.900427,0.421605,0.107149,3.164701,0
1,0.999829,0.009536,0.015821,0.900427,0.421605,0.107149,3.198128,0
1,0.999825,0.010269,0.015648,0.900427,0.421605,0.107149,3.232967,0
1,0.999822,0.010757,0.015510,0.900427,0.421605,0.107149,3.264356,0
1,0.999816,0.010562,0.016008,0.900427,0.421605,0.107149,3.297308,0
1,0.999816,0.009982,0.016393,0.900427,0.421605,0.107149,3.330612,0
1,0.999829,0.009820,0.015693,0.900427,0.421605,0.107149,3.363708,0
1,0.999851,0.009575,0.014369,0.900427,0.421605,0.107149,3.396889,0
1,0.999853,0.009560,0.014238,0.900427,0.421605,0.107149,3.430507,0
1,0.999843,0.008811,0.015381,0.900427,0.421605,0.107149,3.463612,0
1,0.999807,0.009433,0.017259,0.900427,0.421605,0.107149,3.497229,0
1,0.999243,0.029783,0.025014,0.900427,0.421605,0.107149,3.531181,0
1,0.996826,0.073119,0.031496,0.900427,0.421605,0.107149,3.565212,0
1,0.992911,0.113080,0.036618,0.900427,0.421605,0.107149,3.596905,0
1,0.987386,0.153255,0.039765,0.900427,0.421605,0.107149,3.630152,0
1,0.979109,0.198388,0.044591,0.900427,0.421605,0.107149,3.663730,0
1,0.968229,0.244682,0.051607,0.900427,0.421605,0.107149,3.697663,0
1,0.951745,0.300904,0.060315,0.900427,0.421605,0.107149,3.730946,0
1,0.930802,0.359286,0.067235,0.900427,0.421605,0.107149,3.763849,0
1,0.900968,0.426871,0.077703,0.900427,0.421605,0.107149,3.797307,0
1,0.872194,0.482372,0.081212,0.900427,0.421605,0.107149,3.830318,0
1,0.847904,0.524438,0.077612,0.900427,0.421605,0.107149,3.863638,0
1,0.831391,0.550866,0.073042,0.900427,0.421605,0.107149,3.896829,0
1,0.820221,0.566953,0.076172,0.900427,0.421605,0.107149,3.930069,0
1,0.815671,0.573353,0.077115,0.900427,0.421605,0.107149,3.964086,0
1,0.818699,0.569110,0.076452,0.900427,0.421605,0.107149,3.997155,0
1,0.824628,0.560506,0.076304,0.900427,0.421605,0.107149,4.030071,0
1,0.830984,0.550925,0.077116,0.900427,0.421605,0.107149,4.063464,0
1,0.837844,0.540403,0.077345,0.900427,0.421605,0.107149,4.097061,0
1,0.843215,0.531903,0.077902,0.900427,0.421605,0.107149,4.130535,0
1,0.846446,0.526590,0.078946,0.900427,0.421605,0.107149,4.163453,0
1,0.849990,0.520815,0.079179,0.900427,0.421605,0.107149,4.196751,0
1,0.854632,0.513048,0.079913,0.900427,0.421605,0.107149,4.230422,0
1,0.860356,0.503627,0.078403,0.900427,0.421605,0.107149,4.263373,0
1,0.865437,0.495094,0.076819,0.900427,0.421605,0.107149,4.296463,0
1,0.869422,0.488150,0.076255,0.900427,0.421605,0.107149,4.330361,0
1,0.872143,0.483223,0.076565,0.900427,0.421605,0.107149,4.363845,0
1,0.873000,0.481579,0.077160,0.900427,0.421605,0.107149,4.396802,0
1,0.872945,0.481611,0.077573,0.900427,0.421605,0.107149,4.430227,0
1,0.872638,0.481998,0.078619,0.900427,0.421605,0.107149,4.463727,0
1,0.871962,0.482985,0.080051,0.900427,0.421605,0.107149,4.496802,0
1,0.872690,0.482008,0.077976,0.900427,0.421605,0.107149,4.530171,0
1,0.873831,0.480199,0.076343,0.900427,0.421605,0.107149,4.563651,0
1,0.874682,0.478698,0.076023,0.900427,0.421605,0.107149,4.596752,0
1,0.876098,0.476373,0.074300,0.900427,0.421605,0.107149,4.630420,0
1,0.877481,0.473768,0.074641,0.900427,0.421605,0.107149,4.663909,0
1,0.878224,0.472141,0.076195,0.900427,0.421605,0.107149,4.697009,0
1,0.879540,0.469674,0.076267,0.900427,0.421605,0.107149,4.731201,0
1,0.880763,0.467415,0.076021,0.900427,0.421605,0.107149,4.764110,0
1,0.881176,0.466705,0.075593,0.900427,0.421605,0.107149,4.797325,0
1,0.882447,0.464380,0.075088,0.900427,0.421605,0.107149,4.830929,0
1,0.883476,0.462170,0.076609,0.900427,0.421605,0.107149,4.864002,0
1,0.884226,0.460697,0.076829,0.900427,0.421605,0.107149,4.897578,0
2,0.998097,0.033993,0.051449,0.958589,-0.262145,0.111297,8.495418,0
2,0.998022,0.034263,0.052706,0.958589,-0.262145,0.111297,8.529371,0
2,0.997965,0.034243,0.053792,0.958589,-0.262145,0.111297,8.563314,0
2,0.997941,0.034101,0.054324,0.958589,-0.262145,0.111297,8.595481,0
2,0.998008,0.033675,0.053340,0.958589,-0.262145,0.111297,8.628894,0
2,0.998045,0.033909,0.052499,0.958589,-0.262145,0.111297,8.661936,0
2,0.998055,0.033896,0.052316,0.958589,-0.262145,0.111297,8.695251,0
2,0.998067,0.034099,0.051954,0.958589,-0.262145,0.111297,8.728594,0
2,0.998076,0.033579,0.052130,0.958589,-0.262145,0.111297,8.762128,0
2,0.998110,0.032426,0.052205,0.958589,-0.262145,0.111297,8.794961,0
2,0.998190,0.031674,0.051118,0.958589,-0.262145,0.111297,8.828520,0
2,0.998362,0.028750,0.049457,0.958589,-0.262145,0.111297,8.861726,0
2,0.998536,0.023771,0.048585,0.958589,-0.262145,0.111297,8.895281,0
2,0.998547,0.013280,0.052220,0.958589,-0.262145,0.111297,8.928752,0
2,0.998435,-0.001328,0.055900,0.958589,-0.262145,0.111297,8.962358,0
2,0.997997,-0.021457,0.059519,0.958589,-0.262145,0.111297,8.995739,0
2,0.996812,-0.049881,0.062275,0.958589,-0.262145,0.111297,9.028390,0
2,0.994618,-0.080107,0.065714,0.958589,-0.262145,0.111297,9.061829,0
2,0.990417,-0.118798,0.070432,0.958589,-0.262145,0.111297,9.095200,0
2,0.983848,-0.162882,0.074252,0.958589,-0.262145,0.111297,9.128348,0
2,0.975928,-0.204469,0.075871,0.958589,-0.262145,0.111297,9.161543,0
2,0.965564,-0.248053,0.078456,0.958589,-0.262145,0.111297,9.194857,0
2,0.953887,-0.289399,0.079668,0.958589,-0.262145,0.111297,9.228466,0
2,0.943199,-0.322626,0.079294,0.958589,-0.262145,0.111297,9.261852,0
2,0.933882,-0.349188,0.077019,0.958589,-0.262145,0.111297,9.294950,0
2,0.927632,-0.365439,0.077151,0.958589,-0.262145,0.111297,9.328484,0
2,0.924957,-0.371867,0.078544,0.958589,-0.262145,0.111297,9.361979,0
2,0.924954,-0.371483,0.080373,0.958589,-0.262145,0.111297,9.395168,0
2,0.927000,-0.365804,0.082813,0.958589,-0.262145,0.111297,9.428573,0
2,0.928898,-0.360504,0.084770,0.958589,-0.262145,0.111297,9.462082,0
2,0.929399,-0.358747,0.086708,0.958589,-0.262145,0.111297,9.494958,0
2,0.929645,-0.357788,0.088026,0.958589,-0.262145,0.111297,9.528169,0
2,0.928857,-0.359838,0.087983,0.958589,-0.262145,0.111297,9.561625,0
2,0.928389,-0.361363,0.086662,0.958589,-0.262145,0.111297,9.595372,0
2,0.928993,-0.360535,0.083582,0.958589,-0.262145,0.111297,9.629418,0
2,0.931435,-0.355232,0.078983,0.958589,-0.262145,0.111297,9.662288,0
2,0.935443,-0.345465,0.074834,0.958589,-0.262145,0.111297,9.695537,0
2,0.940833,-0.331135,0.071991,0.958589,-0.262145,0.111297,9.728302,0
2,0.944990,-0.318855,0.072976,0.958589,-0.262145,0.111297,9.761690,0
2,0.947708,-0.310279,0.074673,0.958589,-0.262145,0.111297,9.795907,0
2,0.949154,-0.305612,0.075556,0.958589,-0.262145,0.111297,9.828678,0
2,0.949190,-0.305323,0.076262,0.958589,-0.262145,0.111297,9.862458,0
2,0.948524,-0.307371,0.076322,0.958589,-0.262145,0.111297,9.894937,0
2,0.947948,-0.309223,0.076000,0.958589,-0.262145,0.111297,9.928371,0
2,0.947246,-0.311102,0.077071,0.958589,-0.262145,0.111297,9.961843,0
2,0.947263,-0.310994,0.077306,0.958589,-0.262145,0.111297,9.995138,0
2,0.947805,-0.309478,0.076740,0.958589,-0.262145,0.111297,10.028008,0
2,0.948114,-0.308422,0.077172,0.958589,-0.262145,0.111297,10.062030,0
2,0.948370,-0.307673,0.077018,0.958589,-0.262145,0.111297,10.094596,0
2,0.948767,-0.306633,0.076267,0.958589,-0.262145,0.111297,10.128206,0
3,0.983422,-0.175199,0.046757,0.992997,-0.028928,0.114541,13.258840,0
3,0.983446,-0.175171,0.046359,0.992997,-0.028928,0.114541,13.292878,0
3,0.983341,-0.175718,0.046520,0.992997,-0.028928,0.114541,13.327729,0
3,0.983303,-0.175947,0.046461,0.992997,-0.028928,0.114541,13.360109,0
3,0.983387,-0.175622,0.045906,0.992997,-0.028928,0.114541,13.392549,0
3,0.983422,-0.175590,0.045275,0.992997,-0.028928,0.114541,13.424864,0
3,0.983642,-0.174361,0.045229,0.992997,-0.028928,0.114541,13.458570,0
3,0.983533,-0.174872,0.045629,0.992997,-0.028928,0.114541,13.491442,0
3,0.983386,-0.175607,0.045972,0.992997,-0.028928,0.114541,13.524431,0
3,0.983262,-0.176466,0.045337,0.992997,-0.028928,0.114541,13.557392,0
3,0.983204,-0.176855,0.045085,0.992997,-0.028928,0.114541,13.590762,0
3,0.983535,-0.174982,0.045171,0.992997,-0.028928,0.114541,13.624883,0
3,0.984446,-0.169972,0.044440,0.992997,-0.028928,0.114541,13.657963,0
3,0.985653,-0.163067,0.043556,0.992997,-0.028928,0.114541,13.691397,0
3,0.986961,-0.154741,0.044309,0.992997,-0.028928,0.114541,13.724365,0
3,0.988496,-0.144289,0.045355,0.992997,-0.028928,0.114541,13.757483,0
3,0.990179,-0.131583,0.047239,0.992997,-0.028928,0.114541,13.790866,0
3,0.992095,-0.115433,0.049215,0.992997,-0.028928,0.114541,13.824300,0
3,0.994137,-0.095805,0.050136,0.992997,-0.028928,0.114541,13.857982,0
3,0.996090,-0.072302,0.050770,0.992997,-0.028928,0.114541,13.891060,0
3,0.997819,-0.042152,0.050798,0.992997,-0.028928,0.114541,13.924742,0
3,0.998637,-0.011275,0.050951,0.992997,-0.028928,0.114541,13.957337,0
3,0.998523,0.017673,0.051369,0.992997,-0.028928,0.114541,13.990808,0
3,0.997656,0.042785,0.053407,0.992997,-0.028928,0.114541,14.024211,0
3,0.996562,0.061611,0.055393,0.992997,-0.028928,0.114541,14.057735,0
3,0.995714,0.073685,0.055885,0.992997,-0.028928,0.114541,14.090899,0
3,0.995417,0.077508,0.056023,0.992997,-0.028928,0.114541,14.124101,0
3,0.995622,0.075233,0.055476,0.992997,-0.028928,0.114541,14.157408,0
3,0.996189,0.068790,0.053617,0.992997,-0.028928,0.114541,14.190998,0
3,0.996914,0.058666,0.052162,0.992997,-0.028928,0.114541,14.224174,0
3,0.997456,0.048549,0.052196,0.992997,-0.028928,0.114541,14.257346,0
3,0.997963,0.036192,0.052533,0.992997,-0.028928,0.114541,14.290773,0
3,0.998350,0.023651,0.052331,0.992997,-0.028928,0.114541,14.324109,0
3,0.998593,0.012229,0.051591,0.992997,-0.028928,0.114541,14.357382,0
3,0.998745,0.002126,0.050041,0.992997,-0.028928,0.114541,14.390610,0
3,0.998780,-0.003131,0.049278,0.992997,-0.028928,0.114541,14.424121,0
3,0.998772,-0.003483,0.049412,0.992997,-0.028928,0.114541,14.457430,0
3,0.998748,-0.002985,0.049943,0.992997,-0.028928,0.114541,14.490996,0
3,0.998689,0.000232,0.051190,0.992997,-0.028928,0.114541,14.524701,0
3,0.998610,0.004559,0.052508,0.992997,-0.028928,0.114541,14.558080,0
3,0.998583,0.008116,0.052599,0.992997,-0.028928,0.114541,14.592264,0
3,0.998579,0.010242,0.052306,0.992997,-0.028928,0.114541,14.625909,0
4,0.995156,-0.083643,0.051662,0.968669,-0.200548,0.146498,17.757013,0
4,0.995155,-0.083778,0.051450,0.968669,-0.200548,0.146498,17.791107,0
4,0.995150,-0.083801,0.051508,0.968669,-0.200548,0.146498,17.823948,0
4,0.995099,-0.084152,0.051929,0.968669,-0.200548,0.146498,17.857143,0
4,0.995064,-0.084193,0.052525,0.968669,-0.200548,0.146498,17.890650,0
4,0.994966,-0.085105,0.052910,0.968669,-0.200548,0.146498,17.924280,0
4,0.994928,-0.085592,0.052846,0.968669,-0.200548,0.146498,17.957619,0
4,0.994991,-0.085278,0.052167,0.968669,-0.200548,0.146498,17.991127,0
4,0.995130,-0.084384,0.050939,0.968669,-0.200548,0.146498,18.023819,0
4,0.995261,-0.083322,0.050129,0.968669,-0.200548,0.146498,18.057137,0
4,0.995301,-0.082811,0.050187,0.968669,-0.200548,0.146498,18.091024,0
4,0.995285,-0.082880,0.050386,0.968669,-0.200548,0.146498,18.123713,0
4,0.995298,-0.082798,0.050261,0.968669,-0.200548,0.146498,18.157412,0
4,0.995341,-0.082103,0.050558,0.968669,-0.200548,0.146498,18.191820,0
4,0.995410,-0.080910,0.051105,0.968669,-0.200548,0.146498,18.223820,0
4,0.995406,-0.080432,0.051929,0.968669,-0.200548,0.146498,18.257113,0
4,0.995242,-0.081812,0.052908,0.968669,-0.200548,0.146498,18.290312,0
4,0.994903,-0.085162,0.053989,0.968669,-0.200548,0.146498,18.323729,0
4,0.994506,-0.088663,0.055655,0.968669,-0.200548,0.146498,18.356623,0
4,0.994128,-0.091950,0.057049,0.968669,-0.200548,0.146498,18.390467,0
4,0.993918,-0.094037,0.057312,0.968669,-0.200548,0.146498,18.425053,0
4,0.993848,-0.094613,0.057565,0.968669,-0.200548,0.146498,18.457306,0
4,0.993777,-0.093917,0.059893,0.968669,-0.200548,0.146498,18.490036,0
4,0.993643,-0.092826,0.063688,0.968669,-0.200548,0.146498,18.523626,0
4,0.993213,-0.092977,0.069885,0.968669,-0.200548,0.146498,18.556589,0
4,0.992755,-0.093577,0.075369,0.968669,-0.200548,0.146498,18.589964,0
4,0.991707,-0.097075,0.084227,0.968669,-0.200548,0.146498,18.623194,0
4,0.990375,-0.102884,0.092588,0.968669,-0.200548,0.146498,18.656412,0
4,0.989333,-0.109339,0.096260,0.968669,-0.200548,0.146498,18.689999,0
4,0.988646,-0.114139,0.097727,0.968669,-0.200548,0.146498,18.723537,0
5,0.990278,-0.114742,0.078634,0.913438,-0.390363,0.115099,21.934956,0
5,0.990458,-0.113882,0.077606,0.913438,-0.390363,0.115099,21.968065,0
5,0.990579,-0.113275,0.076959,0.913438,-0.390363,0.115099,22.000587,0
5,0.990661,-0.112633,0.076838,0.913438,-0.390363,0.115099,22.033995,0
5,0.990597,-0.113059,0.077043,0.913438,-0.390363,0.115099,22.066803,0
5,0.990557,-0.113504,0.076901,0.913438,-0.390363,0.115099,22.099661,0
5,0.990539,-0.113848,0.076629,0.913438,-0.390363,0.115099,22.133101,0
5,0.990519,-0.114275,0.076241,0.913438,-0.390363,0.115099,22.165874,0
5,0.990523,-0.114376,0.076035,0.913438,-0.390363,0.115099,22.199247,0
5,0.990574,-0.114525,0.075152,0.913438,-0.390363,0.115099,22.232840,0
5,0.990636,-0.114269,0.074723,0.913438,-0.390363,0.115099,22.266075,0
5,0.990544,-0.115116,0.074644,0.913438,-0.390363,0.115099,22.299530,0
5,0.990296,-0.117235,0.074634,0.913438,-0.390363,0.115099,22.333202,0
5,0.989646,-0.122448,0.074879,0.913438,-0.390363,0.115099,22.366575,0
5,0.987463,-0.138582,0.075576,0.913438,-0.390363,0.115099,22.399374,0
5,0.983990,-0.161277,0.075847,0.913438,-0.390363,0.115099,22.433113,0
5,0.980464,-0.182297,0.073881,0.913438,-0.390363,0.115099,22.465763,0
5,0.975261,-0.208142,0.074447,0.913438,-0.390363,0.115099,22.499630,0
5,0.968040,-0.238498,0.077578,0.913438,-0.390363,0.115099,22.532843,0
5,0.959865,-0.268593,0.080725,0.913438,-0.390363,0.115099,22.565769,0
5,0.951000,-0.297994,0.082458,0.913438,-0.390363,0.115099,22.599510,0
5,0.940756,-0.328598,0.083670,0.913438,-0.390363,0.115099,22.633835,0
5,0.931101,-0.355164,0.083120,0.913438,-0.390363,0.115099,22.666628,0
5,0.922700,-0.376601,0.082438,0.913438,-0.390363,0.115099,22.699709,0
5,0.916796,-0.391057,0.080987,0.913438,-0.390363,0.115099,22.733280,0
5,0.913269,-0.399284,0.080704,0.913438,-0.390363,0.115099,22.766335,0
5,0.912298,-0.401393,0.081214,0.913438,-0.390363,0.115099,22.799578,0
5,0.913830,-0.397851,0.081425,0.913438,-0.390363,0.115099,22.833132,0
5,0.916915,-0.390619,0.081753,0.913438,-0.390363,0.115099,22.866615,0
5,0.919376,-0.384442,0.083384,0.913438,-0.390363,0.115099,22.899424,0
5,0.920531,-0.381494,0.084173,0.913438,-0.390363,0.115099,22.932804,0
5,0.921588,-0.378923,0.084220,0.913438,-0.390363,0.115099,22.966141,0
6,0.958539,-0.279768,0.054156,0.952608,-0.286465,0.102355,26.363472,0
6,0.958547,-0.280009,0.052752,0.952608,-0.286465,0.102355,26.397785,0
6,0.959195,-0.277563,0.053888,0.952608,-0.286465,0.102355,26.430834,0
6,0.960353,-0.273348,0.054797,0.952608,-0.286465,0.102355,26.464605,0
6,0.960786,-0.272026,0.053783,0.952608,-0.286465,0.102355,26.497200,0
6,0.961019,-0.271345,0.053052,0.952608,-0.286465,0.102355,26.531149,0
6,0.961102,-0.270900,0.053820,0.952608,-0.286465,0.102355,26.563610,0
6,0.961266,-0.270477,0.053013,0.952608,-0.286465,0.102355,26.596935,0
6,0.961224,-0.270305,0.054622,0.952608,-0.286465,0.102355,26.630850,0
6,0.961855,-0.269322,0.047964,0.952608,-0.286465,0.102355,26.663769,0
6,0.961759,-0.269643,0.048088,0.952608,-0.286465,0.102355,26.697186,0
6,0.961728,-0.269744,0.048131,0.952608,-0.286465,0.102355,26.730679,0
6,0.962167,-0.268719,0.044995,0.952608,-0.286465,0.102355,26.764194,0
6,0.962816,-0.266627,0.043534,0.952608,-0.286465,0.102355,26.797064,0
6,0.963490,-0.264201,0.043424,0.952608,-0.286465,0.102355,26.830870,0
6,0.964175,-0.261723,0.043222,0.952608,-0.286465,0.102355,26.863647,0
6,0.964671,-0.259839,0.043519,0.952608,-0.286465,0.102355,26.896606,0
6,0.965224,-0.257853,0.043069,0.952608,-0.286465,0.102355,26.930426,0
6,0.965760,-0.255943,0.042435,0.952608,-0.286465,0.102355,26.964296,0
6,0.966031,-0.254735,0.043515,0.952608,-0.286465,0.102355,26.997284,0
6,0.966229,-0.253630,0.045538,0.952608,-0.286465,0.102355,27.031130,0
6,0.966428,-0.252725,0.046348,0.952608,-0.286465,0.102355,27.064165,0
6,0.965744,-0.254986,0.048168,0.952608,-0.286465,0.102355,27.097744,0
6,0.964144,-0.260502,0.050650,0.952608,-0.286465,0.102355,27.131618,0
6,0.962635,-0.265735,0.052141,0.952608,-0.286465,0.102355,27.164351,0
6,0.961091,-0.270639,0.055305,0.952608,-0.286465,0.102355,27.198097,0
6,0.959846,-0.273545,0.062207,0.952608,-0.286465,0.102355,27.231224,0
7,0.962256,-0.271643,0.016556,0.930305,0.352479,0.101447,30.496191,0
7,0.962232,-0.271734,0.016419,0.930305,0.352479,0.101447,30.530144,0
7,0.962142,-0.272058,0.016343,0.930305,0.352479,0.101447,30.563440,0
7,0.962194,-0.271896,0.015987,0.930305,0.352479,0.101447,30.596441,0
7,0.962285,-0.271572,0.016014,0.930305,0.352479,0.101447,30.629435,0
7,0.962428,-0.271075,0.015848,0.930305,0.352479,0.101447,30.662775,0
7,0.962395,-0.271203,0.015633,0.930305,0.352479,0.101447,30.695946,0
7,0.962177,-0.271954,0.015996,0.930305,0.352479,0.101447,30.729485,0
7,0.962156,-0.272037,0.015861,0.930305,0.352479,0.101447,30.762526,0
7,0.962163,-0.272066,0.014922,0.930305,0.352479,0.101447,30.795853,0
7,0.962517,-0.270867,0.013882,0.930305,0.352479,0.101447,30.829304,0
7,0.962750,-0.270073,0.013158,0.930305,0.352479,0.101447,30.863796,0
7,0.963515,-0.267380,0.012084,0.930305,0.352479,0.101447,30.896114,0
7,0.965610,-0.259758,0.011095,0.930305,0.352479,0.101447,30.929060,0
7,0.971169,-0.238180,0.010052,0.930305,0.352479,0.101447,30.962780,0
7,0.978132,-0.207841,0.007789,0.930305,0.352479,0.101447,30.995544,0
7,0.985093,-0.171846,0.007757,0.930305,0.352479,0.101447,31.029285,0
7,0.991933,-0.126491,0.008318,0.930305,0.352479,0.101447,31.062737,0
7,0.996831,-0.079175,0.007681,0.930305,0.352479,0.101447,31.095879,0
7,0.999613,-0.026562,0.008304,0.930305,0.352479,0.101447,31.129284,0
7,0.999455,0.031147,0.010908,0.930305,0.352479,0.101447,31.162266,0
7,0.995346,0.095465,0.013128,0.930305,0.352479,0.101447,31.195452,0
7,0.986313,0.164177,0.015231,0.930305,0.352479,0.101447,31.228767,0
7,0.974002,0.226151,0.013243,0.930305,0.352479,0.101447,31.262274,0
7,0.961182,0.275780,0.008683,0.930305,0.352479,0.101447,31.296337,0
7,0.951552,0.307299,0.010745,0.930305,0.352479,0.101447,31.328949,0
7,0.944800,0.327327,0.014475,0.930305,0.352479,0.101447,31.362419,0
7,0.942471,0.334028,0.013170,0.930305,0.352479,0.101447,31.395275,0
7,0.943180,0.332064,0.012019,0.930305,0.352479,0.101447,31.428331,0
7,0.945913,0.324252,0.010458,0.930305,0.352479,0.101447,31.461725,0
7,0.948751,0.315839,0.010850,0.930305,0.352479,0.101447,31.495049,0
7,0.950055,0.311827,0.012616,0.930305,0.352479,0.101447,31.528778,0
7,0.952297,0.304895,0.013037,0.930305,0.352479,0.101447,31.562679,0
7,0.953853,0.299825,0.016390,0.930305,0.352479,0.101447,31.595314,0
7,0.955677,0.293865,0.018003,0.930305,0.352479,0.101447,31.628744,0
7,0.959940,0.279658,0.017526,0.930305,0.352479,0.101447,31.662498,0
7,0.963970,0.265366,0.018485,0.930305,0.352479,0.101447,31.695599,0
7,0.967089,0.253663,0.019835,0.930305,0.352479,0.101447,31.728638,0
7,0.970046,0.242186,0.018914,0.930305,0.352479,0.101447,31.761961,0
7,0.971153,0.237713,0.018821,0.930305,0.352479,0.101447,31.795845,0
7,0.971074,0.238126,0.017667,0.930305,0.352479,0.101447,31.829212,0
7,0.970937,0.238719,0.017132,0.930305,0.352479,0.101447,31.861868,0
7,0.969959,0.242522,0.019059,0.930305,0.352479,0.101447,31.895285,0
7,0.969593,0.243980,0.019045,0.930305,0.352479,0.101447,31.928303,0
7,0.969671,0.243800,0.017292,0.930305,0.352479,0.101447,31.962172,0
7,0.970254,0.241485,0.017107,0.930305,0.352479,0.101447,31.995213,0
7,0.970357,0.241042,0.017490,0.930305,0.352479,0.101447,32.028530,0
7,0.970439,0.240701,0.017629,0.930305,0.352479,0.101447,32.062084,0
7,0.970653,0.239779,0.018395,0.930305,0.352479,0.101447,32.096115,0
7,0.970756,0.239301,0.019186,0.930305,0.352479,0.101447,32.129669,0
7,0.970543,0.240228,0.018362,0.930305,0.352479,0.101447,32.162315,0
7,0.970383,0.240959,0.017183,0.930305,0.352479,0.101447,32.195335,0
7,0.970325,0.241175,0.017453,0.930305,0.352479,0.101447,32.228333,0
7,0.970664,0.239773,0.017917,0.930305,0.352479,0.101447,32.262127,0
7,0.971096,0.237997,0.018178,0.930305,0.352479,0.101447,32.294983,0
8,0.998902,-0.046840,-0.001203,0.885897,0.448528,0.118357,35.726608,0
8,0.998856,-0.047797,-0.001319,0.885897,0.448528,0.118357,35.761234,0
8,0.998869,-0.047545,-0.000867,0.885897,0.448528,0.118357,35.793724,0
8,0.998877,-0.047364,-0.001547,0.885897,0.448528,0.118357,35.826630,0
8,0.998884,-0.047216,-0.001549,0.885897,0.448528,0.118357,35.860706,0
8,0.998896,-0.046948,-0.001309,0.885897,0.448528,0.118357,35.894272,0
8,0.998879,-0.047330,-0.000918,0.885897,0.448528,0.118357,35.926472,0
8,0.998887,-0.047147,-0.001070,0.885897,0.448528,0.118357,35.960407,0
8,0.998932,-0.046187,-0.001186,0.885897,0.448528,0.118357,35.993137,0
8,0.998967,-0.045426,-0.001304,0.885897,0.448528,0.118357,36.026413,0
8,0.998999,-0.044701,-0.001911,0.885897,0.448528,0.118357,36.060123,0
8,0.999053,-0.043417,-0.002830,0.885897,0.448528,0.118357,36.093197,0
8,0.999179,-0.040355,-0.003487,0.885897,0.448528,0.118357,36.126446,0
8,0.999365,-0.035328,-0.004543,0.885897,0.448528,0.118357,36.160149,0
8,0.999731,-0.022882,-0.003812,0.885897,0.448528,0.118357,36.193539,0
8,0.999993,-0.001856,-0.003357,0.885897,0.448528,0.118357,36.227119,0
8,0.999756,0.021861,-0.003108,0.885897,0.448528,0.118357,36.260204,0
8,0.998558,0.053663,-0.001685,0.885897,0.448528,0.118357,36.293926,0
8,0.995677,0.092884,-0.000439,0.885897,0.448528,0.118357,36.327065,0
8,0.990991,0.133907,0.002341,0.885897,0.448528,0.118357,36.359921,0
8,0.983948,0.178318,0.007047,0.885897,0.448528,0.118357,36.392963,0
8,0.976070,0.217170,0.011160,0.885897,0.448528,0.118357,36.426712,0
8,0.967863,0.251045,0.014785,0.885897,0.448528,0.118357,36.460293,0
8,0.960128,0.278923,0.018883,0.885897,0.448528,0.118357,36.493103,0
8,0.953976,0.299154,0.020884,0.885897,0.448528,0.118357,36.526321,0
8,0.948800,0.315107,0.022063,0.885897,0.448528,0.118357,36.559704,0
8,0.945256,0.325619,0.021507,0.885897,0.448528,0.118357,36.593025,0
8,0.942284,0.334176,0.020680,0.885897,0.448528,0.118357,36.627140,0
8,0.938730,0.344097,0.019577,0.885897,0.448528,0.118357,36.659847,0
8,0.937320,0.348102,0.015995,0.885897,0.448528,0.118357,36.692909,0
8,0.935624,0.352633,0.016039,0.885897,0.448528,0.118357,36.726414,0
8,0.932548,0.360607,0.017790,0.885897,0.448528,0.118357,36.759872,0
8,0.929748,0.367745,0.018223,0.885897,0.448528,0.118357,36.793232,0
8,0.927043,0.374513,0.018228,0.885897,0.448528,0.118357,36.826336,0
8,0.925659,0.377963,0.017319,0.885897,0.448528,0.118357,36.859615,0
8,0.923574,0.383054,0.016756,0.885897,0.448528,0.118357,36.893044,0
8,0.922077,0.386673,0.016048,0.885897,0.448528,0.118357,36.926548,0
8,0.920494,0.390412,0.016443,0.885897,0.448528,0.118357,36.960037,0
8,0.919093,0.393700,0.016360,0.885897,0.448528,0.118357,36.993500,0
8,0.917463,0.397468,0.016773,0.885897,0.448528,0.118357,37.026134,0
8,0.915296,0.402435,0.016706,0.885897,0.448528,0.118357,37.059559,0
8,0.915097,0.402929,0.015669,0.885897,0.448528,0.118357,37.093567,0
8,0.914620,0.404056,0.014488,0.885897,0.448528,0.118357,37.126392,0
9,0.999489,-0.027017,-0.017056,0.922218,0.362778,0.133809,40.590145,0
9,0.999501,-0.026898,-0.016584,0.922218,0.362778,0.133809,40.624432,0
9,0.999491,-0.027106,-0.016821,0.922218,0.362778,0.133809,40.657131,0
9,0.999478,-0.027553,-0.016878,0.922218,0.362778,0.133809,40.691151,0
9,0.999467,-0.028093,-0.016647,0.922218,0.362778,0.133809,40.724144,0
9,0.999454,-0.028149,-0.017319,0.922218,0.362778,0.133809,40.757339,0
9,0.999455,-0.027878,-0.017677,0.922218,0.362778,0.133809,40.790550,0
9,0.999457,-0.027865,-0.017556,0.922218,0.362778,0.133809,40.824627,0
9,0.999454,-0.028217,-0.017172,0.922218,0.362778,0.133809,40.856949,0
9,0.999441,-0.028512,-0.017474,0.922218,0.362778,0.133809,40.890663,0
9,0.999457,-0.027420,-0.018278,0.922218,0.362778,0.133809,40.925777,0
9,0.999463,-0.026581,-0.019138,0.922218,0.362778,0.133809,40.957146,0
9,0.999471,-0.025894,-0.019698,0.922218,0.362778,0.133809,40.990257,0
9,0.999462,-0.025903,-0.020097,0.922218,0.362778,0.133809,41.023163,0
9,0.999481,-0.025790,-0.019299,0.922218,0.362778,0.133809,41.056400,0
9,0.999745,-0.016151,-0.015774,0.922218,0.362778,0.133809,41.090755,0
9,0.999876,0.010108,-0.012040,0.922218,0.362778,0.133809,41.123470,0
9,0.999347,0.035232,-0.007964,0.922218,0.362778,0.133809,41.156590,0
9,0.998036,0.062540,-0.003546,0.922218,0.362778,0.133809,41.189774,0
9,0.995789,0.091671,0.001226,0.922218,0.362778,0.133809,41.223080,0
9,0.992358,0.123156,0.007674,0.922218,0.362778,0.133809,41.256302,0
9,0.987313,0.158176,0.013907,0.922218,0.362778,0.133809,41.289505,0
9,0.979500,0.200307,0.021369,0.922218,0.362778,0.133809,41.323265,0
9,0.970115,0.241263,0.025873,0.922218,0.362778,0.133809,41.356544,0
9,0.958268,0.284538,0.027582,0.922218,0.362778,0.133809,41.389393,0
9,0.945724,0.323761,0.028005,0.922218,0.362778,0.133809,41.423264,0
9,0.934397,0.354981,0.029837,0.922218,0.362778,0.133809,41.456203,0
9,0.924484,0.379757,0.033361,0.922218,0.362778,0.133809,41.489502,0
9,0.917164,0.397052,0.034058,0.922218,0.362778,0.133809,41.523071,0
9,0.912879,0.406791,0.034255,0.922218,0.362778,0.133809,41.556030,0
9,0.909485,0.414240,0.035259,0.922218,0.362778,0.133809,41.589844,0
9,0.909141,0.415110,0.033859,0.922218,0.362778,0.133809,41.622936,0
9,0.910943,0.411330,0.031467,0.922218,0.362778,0.133809,41.656231,0
9,0.911419,0.410214,0.032246,0.922218,0.362778,0.133809,41.689617,0
9,0.912438,0.408055,0.030788,0.922218,0.362778,0.133809,41.722942,0
9,0.913593,0.405617,0.028692,0.922218,0.362778,0.133809,41.756256,0
9,0.913689,0.405411,0.028529,0.922218,0.362778,0.133809,41.789402,0
9,0.914381,0.403993,0.026407,0.922218,0.362778,0.133809,41.823204,0
9,0.914444,0.403958,0.024707,0.922218,0.362778,0.133809,41.855953,0
9,0.914588,0.403669,0.024084,0.922218,0.362778,0.133809,41.889286,0
9,0.915440,0.401791,0.023109,0.922218,0.362778,0.133809,41.923145,0
9,0.915495,0.401718,0.022153,0.922218,0.362778,0.133809,41.956230,0
9,0.915441,0.401930,0.020500,0.922218,0.362778,0.133809,41.989471,0
9,0.915246,0.402383,0.020345,0.922218,0.362778,0.133809,42.023067,0
9,0.914829,0.403292,0.021059,0.922218,0.362778,0.133809,42.056038,0
10,0.991520,-0.129943,-0.001453,0.912023,0.396182,0.106079,45.422466,0
10,0.991618,-0.129185,-0.002271,0.912023,0.396182,0.106079,45.456055,0
10,0.991730,-0.128297,-0.003483,0.912023,0.396182,0.106079,45.489693,0
10,0.991821,-0.127579,-0.003824,0.912023,0.396182,0.106079,45.522522,0
10,0.991735,-0.128253,-0.003705,0.912023,0.396182,0.106079,45.555531,0
10,0.991639,-0.128984,-0.003799,0.912023,0.396182,0.106079,45.589432,0
10,0.991597,-0.129297,-0.004151,0.912023,0.396182,0.106079,45.622665,0
10,0.991563,-0.129549,-0.004354,0.912023,0.396182,0.106079,45.655899,0
10,0.991577,-0.129435,-0.004578,0.912023,0.396182,0.106079,45.689747,0
10,0.991566,-0.129498,-0.005251,0.912023,0.396182,0.106079,45.722843,0
10,0.991598,-0.129228,-0.005863,0.912023,0.396182,0.106079,45.755863,0
10,0.991695,-0.128458,-0.006357,0.912023,0.396182,0.106079,45.789154,0
10,0.991760,-0.127952,-0.006431,0.912023,0.396182,0.106079,45.822792,0
10,0.992146,-0.124894,-0.006976,0.912023,0.396182,0.106079,45.855579,0
10,0.993306,-0.115251,-0.007739,0.912023,0.396182,0.106079,45.888908,0
10,0.995154,-0.097876,-0.009401,0.912023,0.396182,0.106079,45.922592,0
10,0.996680,-0.080873,-0.009398,0.912023,0.396182,0.106079,45.957943,0
10,0.998392,-0.056348,-0.006111,0.912023,0.396182,0.106079,45.987793,0
10,0.999726,-0.023320,-0.001789,0.912023,0.396182,0.106079,46.021149,0
10,0.999865,0.016442,0.000285,0.912023,0.396182,0.106079,46.054810,0
10,0.997392,0.071964,0.005581,0.912023,0.396182,0.106079,46.088028,0
10,0.990429,0.137590,0.010906,0.912023,0.396182,0.106079,46.120399,0
10,0.978476,0.205748,0.015873,0.912023,0.396182,0.106079,46.154171,0
10,0.958825,0.283123,0.022291,0.912023,0.396182,0.106079,46.187458,0
10,0.934211,0.355807,0.025525,0.912023,0.396182,0.106079,46.220909,0
10,0.909607,0.414562,0.027458,0.912023,0.396182,0.106079,46.256321,0
10,0.885941,0.462575,0.033643,0.912023,0.396182,0.106079,46.287128,0
10,0.868373,0.494595,0.036104,0.912023,0.396182,0.106079,46.321735,0
10,0.854214,0.518537,0.037908,0.912023,0.396182,0.106079,46.354336,0
10,0.842823,0.536731,0.039616,0.912023,0.396182,0.106079,46.387161,0
10,0.836145,0.547212,0.037689,0.912023,0.396182,0.106079,46.421585,0
10,0.829969,0.556647,0.035982,0.912023,0.396182,0.106079,46.454277,0
10,0.825479,0.563517,0.032137,0.912023,0.396182,0.106079,46.487690,0
10,0.826339,0.562505,0.027407,0.912023,0.396182,0.106079,46.520550,0
10,0.826768,0.561828,0.028341,0.912023,0.396182,0.106079,46.553307,0
10,0.827593,0.560613,0.028336,0.912023,0.396182,0.106079,46.586876,0
10,0.830099,0.556906,0.028143,0.912023,0.396182,0.106079,46.621346,0
10,0.830109,0.556895,0.028044,0.912023,0.396182,0.106079,46.653957,0
10,0.830791,0.555998,0.025558,0.912023,0.396182,0.106079,46.686722,0
10,0.830735,0.556183,0.023248,0.912023,0.396182,0.106079,46.720432,0
10,0.830610,0.556455,0.021080,0.912023,0.396182,0.106079,46.753765,0
10,0.833118,0.552803,0.017986,0.912023,0.396182,0.106079,46.786785,0
10,0.837174,0.546680,0.016767,0.912023,0.396182,0.106079,46.820267,0
10,0.843195,0.537343,0.016873,0.912023,0.396182,0.106079,46.853745,0
10,0.851492,0.524124,0.015973,0.912023,0.396182,0.106079,46.886978,0
10,0.859955,0.510086,0.017007,0.912023,0.396182,0.106079,46.919872,0
10,0.867296,0.497533,0.016065,0.912023,0.396182,0.106079,46.953987,0
10,0.873699,0.486245,0.014723,0.912023,0.396182,0.106079,46.986565,0
10,0.878036,0.478364,0.014846,0.912023,0.396182,0.106079,47.020176,0
10,0.879540,0.475595,0.014782,0.912023,0.396182,0.106079,47.052979,0
10,0.880377,0.474070,0.013913,0.912023,0.396182,0.106079,47.087055,0
10,0.879627,0.475400,0.015839,0.912023,0.396182,0.106079,47.119930,0
10,0.879247,0.476125,0.015172,0.912023,0.396182,0.106079,47.153374,0
10,0.879520,0.475654,0.014086,0.912023,0.396182,0.106079,47.186836,0
