1,0.983928,-0.085512,0.156757,0.969296,0.214219,0.120731,2.843894,0
1,0.983941,-0.084021,0.157481,0.969296,0.214219,0.120731,2.866443,0
1,0.983908,-0.083074,0.158189,0.969296,0.214219,0.120731,2.887291,0
1,0.983895,-0.082414,0.158616,0.969296,0.214219,0.120731,2.908828,0
1,0.983912,-0.081822,0.158815,0.969296,0.214219,0.120731,2.931145,0
1,0.983826,-0.081559,0.159485,0.969296,0.214219,0.120731,2.953587,0
1,0.983780,-0.081866,0.159609,0.969296,0.214219,0.120731,2.975733,0
1,0.983787,-0.082245,0.159369,0.969296,0.214219,0.120731,2.997724,0
1,0.983699,-0.083117,0.159464,0.969296,0.214219,0.120731,3.020381,0
1,0.983647,-0.084389,0.159114,0.969296,0.214219,0.120731,3.041762,0
1,0.983575,-0.085410,0.159011,0.969296,0.214219,0.120731,3.064960,0
1,0.983411,-0.086829,0.159257,0.969296,0.214219,0.120731,3.086488,0
1,0.983226,-0.088192,0.159652,0.969296,0.214219,0.120731,3.108465,0
1,0.983057,-0.089330,0.160059,0.969296,0.214219,0.120731,3.130860,0
1,0.982897,-0.090328,0.160483,0.969296,0.214219,0.120731,3.153575,0
1,0.982763,-0.091425,0.160681,0.969296,0.214219,0.120731,3.175410,0
1,0.982672,-0.091985,0.160918,0.969296,0.214219,0.120731,3.198166,0
1,0.982671,-0.091940,0.160952,0.969296,0.214219,0.120731,3.219837,0
1,0.982841,-0.090305,0.160835,0.969296,0.214219,0.120731,3.242195,0
1,0.983341,-0.086342,0.159952,0.969296,0.214219,0.120731,3.264602,0
1,0.984099,-0.079131,0.159022,0.969296,0.214219,0.120731,3.286548,0
1,0.985049,-0.069793,0.157505,0.969296,0.214219,0.120731,3.309137,0
1,0.986112,-0.057973,0.155634,0.969296,0.214219,0.120731,3.330648,0
1,0.987150,-0.044102,0.153589,0.969296,0.214219,0.120731,3.352766,0
1,0.988093,-0.027424,0.151394,0.969296,0.214219,0.120731,3.375189,0
1,0.988856,-0.008205,0.148648,0.969296,0.214219,0.120731,3.397651,0
1,0.989271,0.013112,0.145500,0.969296,0.214219,0.120731,3.420195,0
1,0.989296,0.037221,0.141098,0.969296,0.214219,0.120731,3.441985,0
1,0.988454,0.065414,0.136672,0.969296,0.214219,0.120731,3.464021,0
1,0.986354,0.098004,0.132288,0.969296,0.214219,0.120731,3.486297,0
1,0.982958,0.131677,0.128275,0.969296,0.214219,0.120731,3.508456,0
1,0.978348,0.164867,0.125117,0.969296,0.214219,0.120731,3.530590,0
1,0.971868,0.199191,0.125683,0.969296,0.214219,0.120731,3.553057,0
1,0.963470,0.234163,0.129975,0.969296,0.214219,0.120731,3.575386,0
1,0.953664,0.268180,0.136399,0.969296,0.214219,0.120731,3.598099,0
1,0.942463,0.301056,0.145357,0.969296,0.214219,0.120731,3.620641,0
1,0.929410,0.334487,0.155933,0.969296,0.214219,0.120731,3.643315,0
1,0.915175,0.367140,0.166322,0.969296,0.214219,0.120731,3.665210,0
1,0.900654,0.397201,0.176220,0.969296,0.214219,0.120731,3.687626,0
1,0.885802,0.426097,0.183838,0.969296,0.214219,0.120731,3.709272,0
1,0.871142,0.453696,0.187807,0.969296,0.214219,0.120731,3.731711,0
1,0.857391,0.478464,0.189614,0.969296,0.214219,0.120731,3.753745,0
1,0.843614,0.502076,0.190354,0.969296,0.214219,0.120731,3.776265,0
1,0.830382,0.523873,0.189797,0.969296,0.214219,0.120731,3.798363,0
1,0.819291,0.541593,0.188254,0.969296,0.214219,0.120731,3.820717,0
1,0.811019,0.554366,0.186886,0.969296,0.214219,0.120731,3.842539,0
1,0.805722,0.562274,0.186171,0.969296,0.214219,0.120731,3.865262,0
1,0.803662,0.564552,0.188171,0.969296,0.214219,0.120731,3.887212,0
1,0.804235,0.562136,0.192898,0.969296,0.214219,0.120731,3.909668,0
1,0.807610,0.554798,0.199913,0.969296,0.214219,0.120731,3.931303,0
1,0.812159,0.544907,0.208506,0.969296,0.214219,0.120731,3.953525,0
1,0.817582,0.533297,0.217148,0.969296,0.214219,0.120731,3.975887,0
1,0.823349,0.520848,0.225420,0.969296,0.214219,0.120731,3.997963,0
1,0.828652,0.509031,0.232859,0.969296,0.214219,0.120731,4.020335,0
1,0.833219,0.499165,0.237865,0.969296,0.214219,0.120731,4.042550,0
1,0.836534,0.492172,0.240786,0.969296,0.214219,0.120731,4.064776,0
1,0.839094,0.487372,0.241638,0.969296,0.214219,0.120731,4.086997,0
1,0.840942,0.483975,0.242042,0.969296,0.214219,0.120731,4.109541,0
1,0.842045,0.482351,0.241448,0.969296,0.214219,0.120731,4.132116,0
1,0.842708,0.481647,0.240540,0.969296,0.214219,0.120731,4.154070,0
1,0.843538,0.481191,0.238535,0.969296,0.214219,0.120731,4.176156,0
1,0.844585,0.480464,0.236286,0.969296,0.214219,0.120731,4.198239,0
1,0.845479,0.480081,0.233854,0.969296,0.214219,0.120731,4.220480,0
1,0.846516,0.479434,0.231417,0.969296,0.214219,0.120731,4.242462,0
1,0.847692,0.478540,0.228951,0.969296,0.214219,0.120731,4.264940,0
2,0.927809,0.335591,0.162937,0.984010,-0.131898,0.119696,7.463189,0
2,0.928108,0.334904,0.162647,0.984010,-0.131898,0.119696,7.486361,0
2,0.928397,0.334242,0.162360,0.984010,-0.131898,0.119696,7.507128,0
2,0.928709,0.333565,0.161971,0.984010,-0.131898,0.119696,7.529550,0
2,0.928988,0.332997,0.161540,0.984010,-0.131898,0.119696,7.551641,0
2,0.929219,0.332317,0.161611,0.984010,-0.131898,0.119696,7.573903,0
2,0.929488,0.331671,0.161388,0.984010,-0.131898,0.119696,7.596169,0
2,0.929705,0.330987,0.161545,0.984010,-0.131898,0.119696,7.618392,0
2,0.929847,0.330603,0.161510,0.984010,-0.131898,0.119696,7.640396,0
2,0.929932,0.330442,0.161356,0.984010,-0.131898,0.119696,7.663073,0
2,0.930144,0.329949,0.161136,0.984010,-0.131898,0.119696,7.685214,0
2,0.930451,0.329138,0.161023,0.984010,-0.131898,0.119696,7.707516,0
2,0.930669,0.328591,0.160881,0.984010,-0.131898,0.119696,7.729878,0
2,0.930872,0.328177,0.160554,0.984010,-0.131898,0.119696,7.751670,0
2,0.931240,0.327345,0.160120,0.984010,-0.131898,0.119696,7.774199,0
2,0.931803,0.326064,0.159451,0.984010,-0.131898,0.119696,7.796344,0
2,0.932557,0.323944,0.159369,0.984010,-0.131898,0.119696,7.818396,0
2,0.933735,0.320487,0.159459,0.984010,-0.131898,0.119696,7.841223,0
2,0.935526,0.315042,0.159811,0.984010,-0.131898,0.119696,7.863606,0
2,0.937864,0.307642,0.160525,0.984010,-0.131898,0.119696,7.885758,0
2,0.941012,0.297584,0.161057,0.984010,-0.131898,0.119696,7.907930,0
2,0.944894,0.284324,0.162283,0.984010,-0.131898,0.119696,7.930327,0
2,0.949309,0.268025,0.164241,0.984010,-0.131898,0.119696,7.952420,0
2,0.954099,0.248902,0.166562,0.984010,-0.131898,0.119696,7.974347,0
2,0.959273,0.225917,0.169578,0.984010,-0.131898,0.119696,7.996943,0
2,0.964509,0.198774,0.173813,0.984010,-0.131898,0.119696,8.018337,0
2,0.969188,0.169636,0.178602,0.984010,-0.131898,0.119696,8.040721,0
2,0.973314,0.137952,0.183380,0.984010,-0.131898,0.119696,8.062959,0
2,0.976571,0.103335,0.188759,0.984010,-0.131898,0.119696,8.085220,0
2,0.978683,0.066295,0.194383,0.984010,-0.131898,0.119696,8.107062,0
2,0.979309,0.028464,0.200357,0.984010,-0.131898,0.119696,8.129033,0
2,0.978521,-0.010576,0.205876,0.984010,-0.131898,0.119696,8.151345,0
2,0.976063,-0.050836,0.211463,0.984010,-0.131898,0.119696,8.173940,0
2,0.971985,-0.090374,0.216972,0.984010,-0.131898,0.119696,8.196039,0
2,0.966944,-0.126309,0.221507,0.984010,-0.131898,0.119696,8.217961,0
2,0.961423,-0.157868,0.225265,0.984010,-0.131898,0.119696,8.240115,0
2,0.955982,-0.184766,0.227946,0.984010,-0.131898,0.119696,8.262317,0
2,0.950773,-0.206941,0.230663,0.984010,-0.131898,0.119696,8.285048,0
2,0.946370,-0.223927,0.232896,0.984010,-0.131898,0.119696,8.306768,0
2,0.943576,-0.235059,0.233265,0.984010,-0.131898,0.119696,8.328811,0
2,0.942500,-0.239218,0.233386,0.984010,-0.131898,0.119696,8.351101,0
2,0.942193,-0.239835,0.233992,0.984010,-0.131898,0.119696,8.373210,0
2,0.942848,-0.236801,0.234442,0.984010,-0.131898,0.119696,8.396354,0
2,0.944985,-0.228177,0.234390,0.984010,-0.131898,0.119696,8.417854,0
2,0.948145,-0.215549,0.233581,0.984010,-0.131898,0.119696,8.440125,0
2,0.951890,-0.200128,0.232065,0.984010,-0.131898,0.119696,8.462282,0
2,0.956194,-0.181336,0.229804,0.984010,-0.131898,0.119696,8.484962,0
2,0.960947,-0.159295,0.226289,0.984010,-0.131898,0.119696,8.506965,0
2,0.965509,-0.135616,0.222261,0.984010,-0.131898,0.119696,8.528802,0
2,0.969649,-0.111347,0.217678,0.984010,-0.131898,0.119696,8.550988,0
2,0.973198,-0.087020,0.212867,0.984010,-0.131898,0.119696,8.573182,0
2,0.976266,-0.062179,0.207458,0.984010,-0.131898,0.119696,8.596071,0
2,0.978530,-0.039177,0.202347,0.984010,-0.131898,0.119696,8.617614,0
2,0.980045,-0.018694,0.197896,0.984010,-0.131898,0.119696,8.639951,0
2,0.981129,0.000157,0.193355,0.984010,-0.131898,0.119696,8.662045,0
2,0.981737,0.016628,0.189515,0.984010,-0.131898,0.119696,8.684771,0
2,0.981973,0.028563,0.186851,0.984010,-0.131898,0.119696,8.706540,0
2,0.981898,0.036769,0.185807,0.984010,-0.131898,0.119696,8.728754,0
2,0.981857,0.043568,0.184547,0.984010,-0.131898,0.119696,8.751129,0
2,0.981793,0.048563,0.183640,0.984010,-0.131898,0.119696,8.773457,0
2,0.981739,0.051016,0.183266,0.984010,-0.131898,0.119696,8.795711,0
2,0.981650,0.052046,0.183451,0.984010,-0.131898,0.119696,8.817854,0
2,0.981543,0.052843,0.183794,0.984010,-0.131898,0.119696,8.840407,0
2,0.981446,0.053132,0.184232,0.984010,-0.131898,0.119696,8.862384,0
2,0.981344,0.052703,0.184896,0.984010,-0.131898,0.119696,8.884798,0
2,0.981238,0.051718,0.185736,0.984010,-0.131898,0.119696,8.906657,0
2,0.981190,0.050624,0.186291,0.984010,-0.131898,0.119696,8.929636,0
2,0.981111,0.049974,0.186877,0.984010,-0.131898,0.119696,8.951309,0
2,0.981071,0.049285,0.187271,0.984010,-0.131898,0.119696,8.973769,0
2,0.980992,0.048370,0.187922,0.984010,-0.131898,0.119696,8.995748,0
2,0.980933,0.047440,0.188469,0.984010,-0.131898,0.119696,9.018019,0
2,0.980902,0.046541,0.188850,0.984010,-0.131898,0.119696,9.040362,0
2,0.980996,0.045975,0.188500,0.984010,-0.131898,0.119696,9.062273,0
3,0.980807,0.099213,0.167852,0.928332,0.336877,0.157207,12.260846,0
3,0.980886,0.099149,0.167426,0.928332,0.336877,0.157207,12.283648,0
3,0.980978,0.098996,0.166981,0.928332,0.336877,0.157207,12.305393,0
3,0.981068,0.098557,0.166709,0.928332,0.336877,0.157207,12.327400,0
3,0.981095,0.098646,0.166501,0.928332,0.336877,0.157207,12.349989,0
3,0.981026,0.099115,0.166624,0.928332,0.336877,0.157207,12.371817,0
3,0.980996,0.099679,0.166463,0.928332,0.336877,0.157207,12.394188,0
3,0.980984,0.100148,0.166252,0.928332,0.336877,0.157207,12.417235,0
3,0.980950,0.100744,0.166093,0.928332,0.336877,0.157207,12.438410,0
3,0.980897,0.101280,0.166085,0.928332,0.336877,0.157207,12.460349,0
3,0.980848,0.101433,0.166277,0.928332,0.336877,0.157207,12.482930,0
3,0.980831,0.101408,0.166393,0.928332,0.336877,0.157207,12.505545,0
3,0.980806,0.101325,0.166593,0.928332,0.336877,0.157207,12.527280,0
3,0.980767,0.100782,0.167149,0.928332,0.336877,0.157207,12.549662,0
3,0.980816,0.100061,0.167298,0.928332,0.336877,0.157207,12.572531,0
3,0.980752,0.099402,0.168065,0.928332,0.336877,0.157207,12.595104,0
3,0.980600,0.099260,0.169031,0.928332,0.336877,0.157207,12.617553,0
3,0.980300,0.101157,0.169644,0.928332,0.336877,0.157207,12.638805,0
3,0.979814,0.104817,0.170229,0.928332,0.336877,0.157207,12.660618,0
3,0.979263,0.110000,0.170128,0.928332,0.336877,0.157207,12.684336,0
3,0.978411,0.117518,0.170005,0.928332,0.336877,0.157207,12.703397,0
3,0.977008,0.128578,0.170069,0.928332,0.336877,0.157207,12.726013,0
3,0.974853,0.143692,0.170335,0.928332,0.336877,0.157207,12.747576,0
3,0.971681,0.163010,0.171064,0.928332,0.336877,0.157207,12.769948,0
3,0.967558,0.184783,0.172300,0.928332,0.336877,0.157207,12.791675,0
3,0.961580,0.211492,0.175029,0.928332,0.336877,0.157207,12.814137,0
3,0.953734,0.242231,0.178086,0.928332,0.336877,0.157207,12.836387,0
3,0.944657,0.274267,0.180000,0.928332,0.336877,0.157207,12.858451,0
3,0.935751,0.302149,0.181866,0.928332,0.336877,0.157207,12.880869,0
3,0.926300,0.328359,0.184795,0.928332,0.336877,0.157207,12.903027,0
3,0.917085,0.351693,0.187796,0.928332,0.336877,0.157207,12.925069,0
3,0.909603,0.369611,0.189762,0.928332,0.336877,0.157207,12.947805,0
3,0.904221,0.382240,0.190465,0.928332,0.336877,0.157207,12.972410,0
3,0.900936,0.389841,0.190628,0.928332,0.336877,0.157207,12.992091,0
3,0.899745,0.392500,0.190794,0.928332,0.336877,0.157207,13.014561,0
3,0.900351,0.391398,0.190196,0.928332,0.336877,0.157207,13.036714,0
3,0.902272,0.387344,0.189394,0.928332,0.336877,0.157207,13.058922,0
3,0.905462,0.380119,0.188808,0.928332,0.336877,0.157207,13.080906,0
3,0.909266,0.371028,0.188610,0.928332,0.336877,0.157207,13.103028,0
3,0.913688,0.359700,0.189183,0.928332,0.336877,0.157207,13.125031,0
3,0.918446,0.346929,0.189993,0.928332,0.336877,0.157207,13.147473,0
3,0.924058,0.331236,0.190786,0.928332,0.336877,0.157207,13.169174,0
3,0.929756,0.314012,0.192226,0.928332,0.336877,0.157207,13.191621,0
3,0.934996,0.296983,0.193864,0.928332,0.336877,0.157207,13.214298,0
3,0.939461,0.281294,0.195669,0.928332,0.336877,0.157207,13.236087,0
3,0.942974,0.268018,0.197399,0.928332,0.336877,0.157207,13.258112,0
3,0.945520,0.257688,0.198969,0.928332,0.336877,0.157207,13.280434,0
3,0.947316,0.250326,0.199823,0.928332,0.336877,0.157207,13.302561,0
3,0.948399,0.245724,0.200396,0.928332,0.336877,0.157207,13.324869,0
3,0.948714,0.244658,0.200211,0.928332,0.336877,0.157207,13.347758,0
3,0.948686,0.245430,0.199396,0.928332,0.336877,0.157207,13.369645,0
3,0.948134,0.248274,0.198501,0.928332,0.336877,0.157207,13.391372,0
3,0.947195,0.252431,0.197738,0.928332,0.336877,0.157207,13.414220,0
3,0.946222,0.257003,0.196501,0.928332,0.336877,0.157207,13.436097,0
3,0.945146,0.261876,0.195244,0.928332,0.336877,0.157207,13.458157,0
3,0.944179,0.266414,0.193779,0.928332,0.336877,0.157207,13.480173,0
3,0.943416,0.269835,0.192756,0.928332,0.336877,0.157207,13.502620,0
3,0.943070,0.271885,0.191563,0.928332,0.336877,0.157207,13.524778,0
3,0.942908,0.273076,0.190665,0.928332,0.336877,0.157207,13.546900,0
3,0.943014,0.273577,0.189419,0.928332,0.336877,0.157207,13.569432,0
3,0.943187,0.273463,0.188723,0.928332,0.336877,0.157207,13.591311,0
3,0.943602,0.272190,0.188488,0.928332,0.336877,0.157207,13.613564,0
3,0.944241,0.270021,0.188411,0.928332,0.336877,0.157207,13.635737,0
4,0.962469,0.197938,0.185671,0.982092,0.134568,0.131861,17.036934,0
4,0.962500,0.197914,0.185535,0.982092,0.134568,0.131861,17.059650,0
4,0.962552,0.197514,0.185694,0.982092,0.134568,0.131861,17.080706,0
4,0.962589,0.197258,0.185774,0.982092,0.134568,0.131861,17.103136,0
4,0.962562,0.197019,0.186168,0.982092,0.134568,0.131861,17.125589,0
4,0.962487,0.197291,0.186264,0.982092,0.134568,0.131861,17.147133,0
4,0.962408,0.197883,0.186047,0.982092,0.134568,0.131861,17.169678,0
4,0.962322,0.198301,0.186045,0.982092,0.134568,0.131861,17.191261,0
4,0.962229,0.198722,0.186077,0.982092,0.134568,0.131861,17.213655,0
4,0.962253,0.198796,0.185877,0.982092,0.134568,0.131861,17.236084,0
4,0.962240,0.199020,0.185705,0.982092,0.134568,0.131861,17.257631,0
4,0.962222,0.199221,0.185578,0.982092,0.134568,0.131861,17.280006,0
4,0.962204,0.199610,0.185253,0.982092,0.134568,0.131861,17.302101,0
4,0.962190,0.199774,0.185149,0.982092,0.134568,0.131861,17.324961,0
4,0.962168,0.199746,0.185295,0.982092,0.134568,0.131861,17.347618,0
4,0.962363,0.199023,0.185062,0.982092,0.134568,0.131861,17.369045,0
4,0.962559,0.197679,0.185482,0.982092,0.134568,0.131861,17.391403,0
4,0.962957,0.195384,0.185846,0.982092,0.134568,0.131861,17.413866,0
4,0.963588,0.191719,0.186390,0.982092,0.134568,0.131861,17.436188,0
4,0.964633,0.185476,0.187302,0.982092,0.134568,0.131861,17.458176,0
4,0.965894,0.177249,0.188766,0.982092,0.134568,0.131861,17.479898,0
4,0.967344,0.167790,0.189977,0.982092,0.134568,0.131861,17.502134,0
4,0.969000,0.155662,0.191853,0.982092,0.134568,0.131861,17.524441,0
4,0.970643,0.141510,0.194491,0.982092,0.134568,0.131861,17.547003,0
4,0.972116,0.126480,0.197466,0.982092,0.134568,0.131861,17.568823,0
4,0.973411,0.110319,0.200751,0.982092,0.134568,0.131861,17.590786,0
4,0.974677,0.090478,0.204498,0.982092,0.134568,0.131861,17.614479,0
4,0.975660,0.067325,0.208698,0.982092,0.134568,0.131861,17.636305,0
4,0.976106,0.043894,0.212814,0.982092,0.134568,0.131861,17.657576,0
4,0.975940,0.020883,0.217036,0.982092,0.134568,0.131861,17.680285,0
4,0.975398,0.000789,0.220451,0.982092,0.134568,0.131861,17.702126,0
4,0.974789,-0.014576,0.222652,0.982092,0.134568,0.131861,17.724707,0
4,0.974109,-0.025308,0.224660,0.982092,0.134568,0.131861,17.746763,0
4,0.973669,-0.029723,0.226022,0.982092,0.134568,0.131861,17.768902,0
4,0.973572,-0.027425,0.226726,0.982092,0.134568,0.131861,17.791725,0
4,0.973762,-0.018535,0.226813,0.982092,0.134568,0.131861,17.813625,0
4,0.974083,-0.006699,0.226094,0.982092,0.134568,0.131861,17.836861,0
4,0.974331,0.008014,0.224979,0.982092,0.134568,0.131861,17.857506,0
4,0.974422,0.024369,0.223402,0.982092,0.134568,0.131861,17.880219,0
4,0.974195,0.042108,0.221747,0.982092,0.134568,0.131861,17.901857,0
4,0.973688,0.061632,0.219393,0.982092,0.134568,0.131861,17.924009,0
4,0.972888,0.081965,0.216263,0.982092,0.134568,0.131861,17.946404,0
4,0.971708,0.102185,0.212938,0.982092,0.134568,0.131861,17.969063,0
4,0.970155,0.122920,0.209024,0.982092,0.134568,0.131861,17.990795,0
4,0.968172,0.143569,0.205013,0.982092,0.134568,0.131861,18.013109,0
4,0.965967,0.162463,0.201282,0.982092,0.134568,0.131861,18.035501,0
4,0.963972,0.178256,0.197441,0.982092,0.134568,0.131861,18.058136,0
4,0.962293,0.190873,0.193804,0.982092,0.134568,0.131861,18.079836,0
4,0.961046,0.200134,0.190623,0.982092,0.134568,0.131861,18.102022,0
4,0.960467,0.205565,0.187739,0.982092,0.134568,0.131861,18.125408,0
4,0.960411,0.207475,0.185916,0.982092,0.134568,0.131861,18.147158,0
4,0.960884,0.206440,0.184621,0.982092,0.134568,0.131861,18.168980,0
4,0.961723,0.202465,0.184653,0.982092,0.134568,0.131861,18.190733,0
4,0.962584,0.197519,0.185523,0.982092,0.134568,0.131861,18.212807,0
4,0.963405,0.191724,0.187331,0.982092,0.134568,0.131861,18.235222,0
4,0.964029,0.186381,0.189498,0.982092,0.134568,0.131861,18.257355,0
4,0.964489,0.181789,0.191608,0.982092,0.134568,0.131861,18.279371,0
4,0.964880,0.178082,0.193115,0.982092,0.134568,0.131861,18.302042,0
4,0.965096,0.175226,0.194643,0.982092,0.134568,0.131861,18.324287,0
4,0.965377,0.172406,0.195765,0.982092,0.134568,0.131861,18.345825,0
4,0.965688,0.170160,0.196194,0.982092,0.134568,0.131861,18.367958,0
4,0.965947,0.168423,0.196418,0.982092,0.134568,0.131861,18.389965,0
4,0.966205,0.167504,0.195934,0.982092,0.134568,0.131861,18.412275,0
4,0.966302,0.167939,0.195085,0.982092,0.134568,0.131861,18.434692,0
5,0.957004,0.217351,0.192101,0.903684,-0.403944,0.142074,21.522221,0
5,0.956954,0.217784,0.191856,0.903684,-0.403944,0.142074,21.545229,0
5,0.956941,0.217889,0.191803,0.903684,-0.403944,0.142074,21.566788,0
5,0.956898,0.218110,0.191768,0.903684,-0.403944,0.142074,21.588835,0
5,0.956930,0.217995,0.191736,0.903684,-0.403944,0.142074,21.610800,0
5,0.956992,0.217807,0.191640,0.903684,-0.403944,0.142074,21.633192,0
5,0.957047,0.217757,0.191423,0.903684,-0.403944,0.142074,21.655563,0
5,0.957031,0.218112,0.191099,0.903684,-0.403944,0.142074,21.677721,0
5,0.957124,0.218403,0.190298,0.903684,-0.403944,0.142074,21.699800,0
5,0.957194,0.217935,0.190485,0.903684,-0.403944,0.142074,21.721718,0
5,0.957196,0.217869,0.190550,0.903684,-0.403944,0.142074,21.744116,0
5,0.957252,0.217600,0.190576,0.903684,-0.403944,0.142074,21.766209,0
5,0.957364,0.217093,0.190588,0.903684,-0.403944,0.142074,21.788248,0
5,0.957469,0.216719,0.190486,0.903684,-0.403944,0.142074,21.810495,0
5,0.957639,0.216071,0.190370,0.903684,-0.403944,0.142074,21.833269,0
5,0.958070,0.213947,0.190601,0.903684,-0.403944,0.142074,21.856083,0
5,0.959176,0.208000,0.191617,0.903684,-0.403944,0.142074,21.877449,0
5,0.960758,0.198757,0.193493,0.903684,-0.403944,0.142074,21.899954,0
5,0.962492,0.187278,0.196307,0.903684,-0.403944,0.142074,21.921869,0
5,0.964556,0.172786,0.199440,0.903684,-0.403944,0.142074,21.945000,0
5,0.966869,0.155899,0.202138,0.903684,-0.403944,0.142074,21.966984,0
5,0.969051,0.137762,0.204846,0.903684,-0.403944,0.142074,21.988626,0
5,0.971346,0.116794,0.206992,0.903684,-0.403944,0.142074,22.011244,0
5,0.973418,0.093435,0.209112,0.903684,-0.403944,0.142074,22.033604,0
5,0.975037,0.069627,0.210844,0.903684,-0.403944,0.142074,22.055920,0
5,0.976019,0.046239,0.212716,0.903684,-0.403944,0.142074,22.077919,0
5,0.976521,0.023295,0.214159,0.903684,-0.403944,0.142074,22.099983,0
5,0.976386,-0.001358,0.216027,0.903684,-0.403944,0.142074,22.122074,0
5,0.975362,-0.026968,0.218954,0.903684,-0.403944,0.142074,22.144457,0
5,0.973756,-0.052472,0.221462,0.903684,-0.403944,0.142074,22.166447,0
5,0.971425,-0.078921,0.223842,0.903684,-0.403944,0.142074,22.188747,0
5,0.968460,-0.105295,0.225829,0.903684,-0.403944,0.142074,22.211313,0
5,0.965059,-0.128836,0.228173,0.903684,-0.403944,0.142074,22.233467,0
5,0.961215,-0.150541,0.231090,0.903684,-0.403944,0.142074,22.255676,0
5,0.957320,-0.169626,0.234019,0.903684,-0.403944,0.142074,22.277540,0
5,0.953726,-0.184808,0.237176,0.903684,-0.403944,0.142074,22.299938,0
5,0.951043,-0.195384,0.239460,0.903684,-0.403944,0.142074,22.322098,0
5,0.948930,-0.202977,0.241519,0.903684,-0.403944,0.142074,22.344557,0
5,0.947592,-0.207296,0.243101,0.903684,-0.403944,0.142074,22.366653,0
5,0.947208,-0.207970,0.244019,0.903684,-0.403944,0.142074,22.388901,0
5,0.947695,-0.205814,0.243955,0.903684,-0.403944,0.142074,22.410833,0
5,0.948528,-0.202534,0.243464,0.903684,-0.403944,0.142074,22.433279,0
5,0.949699,-0.198523,0.242200,0.903684,-0.403944,0.142074,22.455359,0
5,0.951061,-0.193951,0.240552,0.903684,-0.403944,0.142074,22.477577,0
5,0.952737,-0.187464,0.239059,0.903684,-0.403944,0.142074,22.499733,0
5,0.954924,-0.178682,0.237049,0.903684,-0.403944,0.142074,22.521919,0
5,0.957530,-0.166941,0.235089,0.903684,-0.403944,0.142074,22.544769,0
5,0.960826,-0.150833,0.232514,0.903684,-0.403944,0.142074,22.566460,0
5,0.964575,-0.131479,0.228709,0.903684,-0.403944,0.142074,22.588846,0
5,0.967714,-0.113090,0.225255,0.903684,-0.403944,0.142074,22.611246,0
5,0.970358,-0.095963,0.221804,0.903684,-0.403944,0.142074,22.633774,0
5,0.972478,-0.080145,0.218778,0.903684,-0.403944,0.142074,22.655916,0
5,0.974189,-0.065498,0.216024,0.903684,-0.403944,0.142074,22.679375,0
5,0.975428,-0.054813,0.213391,0.903684,-0.403944,0.142074,22.699814,0
5,0.976301,-0.047589,0.211118,0.903684,-0.403944,0.142074,22.721985,0
5,0.976804,-0.044042,0.209557,0.903684,-0.403944,0.142074,22.744110,0
5,0.977114,-0.042611,0.208406,0.903684,-0.403944,0.142074,22.766205,0
5,0.977227,-0.042595,0.207878,0.903684,-0.403944,0.142074,22.788136,0
5,0.977120,-0.043908,0.208107,0.903684,-0.403944,0.142074,22.810741,0
5,0.976930,-0.045965,0.208555,0.903684,-0.403944,0.142074,22.833818,0
5,0.976713,-0.048177,0.209071,0.903684,-0.403944,0.142074,22.855497,0
5,0.976561,-0.050363,0.209266,0.903684,-0.403944,0.142074,22.877514,0
5,0.976396,-0.052477,0.209515,0.903684,-0.403944,0.142074,22.899593,0
5,0.976158,-0.055338,0.209889,0.903684,-0.403944,0.142074,22.921829,0
5,0.975940,-0.057723,0.210259,0.903684,-0.403944,0.142074,22.944561,0
5,0.975824,-0.059660,0.210256,0.903684,-0.403944,0.142074,22.966095,0
5,0.975770,-0.060624,0.210235,0.903684,-0.403944,0.142074,22.988371,0
5,0.975737,-0.060086,0.210540,0.903684,-0.403944,0.142074,23.010252,0
5,0.975639,-0.058452,0.211452,0.903684,-0.403944,0.142074,23.043411,0
5,0.975639,-0.058452,0.211452,0.903684,-0.403944,0.142074,23.054817,0
5,0.975527,-0.058345,0.211999,0.903684,-0.403944,0.142074,23.076056,0
5,0.975427,-0.058801,0.212329,0.903684,-0.403944,0.142074,23.098434,0
5,0.975345,-0.060012,0.212368,0.903684,-0.403944,0.142074,23.120640,0
5,0.975206,-0.061502,0.212580,0.903684,-0.403944,0.142074,23.144482,0
5,0.975015,-0.063147,0.212973,0.903684,-0.403944,0.142074,23.165798,0
5,0.974915,-0.064278,0.213096,0.903684,-0.403944,0.142074,23.187403,0
5,0.974805,-0.065661,0.213178,0.903684,-0.403944,0.142074,23.210209,0
5,0.974726,-0.067018,0.213114,0.903684,-0.403944,0.142074,23.231703,0
6,0.974477,-0.063032,0.215456,0.945008,-0.286581,0.157577,26.520496,0
6,0.974572,-0.062894,0.215066,0.945008,-0.286581,0.157577,26.543966,0
6,0.974506,-0.062811,0.215390,0.945008,-0.286581,0.157577,26.564827,0
6,0.974510,-0.062792,0.215378,0.945008,-0.286581,0.157577,26.586731,0
6,0.974611,-0.062451,0.215019,0.945008,-0.286581,0.157577,26.608795,0
6,0.974721,-0.062332,0.214556,0.945008,-0.286581,0.157577,26.630787,0
6,0.974763,-0.062183,0.214405,0.945008,-0.286581,0.157577,26.653709,0
6,0.974921,-0.062199,0.213682,0.945008,-0.286581,0.157577,26.675545,0
6,0.975083,-0.061962,0.213012,0.945008,-0.286581,0.157577,26.697615,0
6,0.975217,-0.062163,0.212338,0.945008,-0.286581,0.157577,26.719578,0
6,0.975235,-0.062422,0.212177,0.945008,-0.286581,0.157577,26.742018,0
6,0.975134,-0.062911,0.212497,0.945008,-0.286581,0.157577,26.764771,0
6,0.975038,-0.063485,0.212769,0.945008,-0.286581,0.157577,26.786602,0
6,0.974893,-0.064492,0.213132,0.945008,-0.286581,0.157577,26.808329,0
6,0.974787,-0.065263,0.213379,0.945008,-0.286581,0.157577,26.830729,0
6,0.974576,-0.066114,0.214079,0.945008,-0.286581,0.157577,26.853180,0
6,0.974447,-0.066149,0.214659,0.945008,-0.286581,0.157577,26.875448,0
6,0.974425,-0.064935,0.215124,0.945008,-0.286581,0.157577,26.897348,0
6,0.974579,-0.062504,0.215149,0.945008,-0.286581,0.157577,26.919548,0
6,0.974861,-0.058578,0.214977,0.945008,-0.286581,0.157577,26.941961,0
6,0.975263,-0.052706,0.214672,0.945008,-0.286581,0.157577,26.964556,0
6,0.975672,-0.044965,0.214572,0.945008,-0.286581,0.157577,26.986609,0
6,0.976060,-0.035805,0.214532,0.945008,-0.286581,0.157577,27.008621,0
6,0.976340,-0.023988,0.214907,0.945008,-0.286581,0.157577,27.030737,0
6,0.976524,-0.010866,0.215132,0.945008,-0.286581,0.157577,27.052935,0
6,0.976535,0.004673,0.215309,0.945008,-0.286581,0.157577,27.075302,0
6,0.976192,0.022777,0.215710,0.945008,-0.286581,0.157577,27.097584,0
6,0.975453,0.043329,0.215901,0.945008,-0.286581,0.157577,27.119663,0
6,0.974092,0.065962,0.216319,0.945008,-0.286581,0.157577,27.141815,0
6,0.971936,0.090339,0.217208,0.945008,-0.286581,0.157577,27.164186,0
6,0.968869,0.116567,0.218413,0.945008,-0.286581,0.157577,27.186350,0
6,0.964994,0.144053,0.219168,0.945008,-0.286581,0.157577,27.208143,0
6,0.960269,0.172134,0.219667,0.945008,-0.286581,0.157577,27.230387,0
6,0.954813,0.200514,0.219380,0.945008,-0.286581,0.157577,27.252790,0
6,0.948601,0.228794,0.218655,0.945008,-0.286581,0.157577,27.275126,0
6,0.942530,0.254105,0.216951,0.945008,-0.286581,0.157577,27.297422,0
6,0.937071,0.275222,0.214826,0.945008,-0.286581,0.157577,27.319935,0
6,0.932525,0.292123,0.212275,0.945008,-0.286581,0.157577,27.342413,0
6,0.928834,0.305117,0.210171,0.945008,-0.286581,0.157577,27.365028,0
6,0.926295,0.313916,0.208410,0.945008,-0.286581,0.157577,27.387228,0
6,0.925974,0.315761,0.207042,0.945008,-0.286581,0.157577,27.409376,0
6,0.927750,0.310835,0.206546,0.945008,-0.286581,0.157577,27.431776,0
6,0.930903,0.301008,0.206913,0.945008,-0.286581,0.157577,27.453758,0
6,0.935123,0.286715,0.208181,0.945008,-0.286581,0.157577,27.476507,0
6,0.939741,0.269793,0.209999,0.945008,-0.286581,0.157577,27.497969,0
6,0.944483,0.249788,0.213442,0.945008,-0.286581,0.157577,27.520029,0
6,0.949014,0.227974,0.217717,0.945008,-0.286581,0.157577,27.542110,0
6,0.953121,0.205398,0.222199,0.945008,-0.286581,0.157577,27.564308,0
6,0.956754,0.182113,0.226841,0.945008,-0.286581,0.157577,27.586481,0
6,0.960002,0.158323,0.230931,0.945008,-0.286581,0.157577,27.608776,0
6,0.962658,0.134675,0.234844,0.945008,-0.286581,0.157577,27.630711,0
6,0.964531,0.112490,0.238802,0.945008,-0.286581,0.157577,27.653681,0
6,0.965693,0.092408,0.242688,0.945008,-0.286581,0.157577,27.675455,0
6,0.966450,0.074725,0.245746,0.945008,-0.286581,0.157577,27.697264,0
6,0.967021,0.059088,0.247749,0.945008,-0.286581,0.157577,27.719507,0
6,0.967314,0.045875,0.249398,0.945008,-0.286581,0.157577,27.741777,0
6,0.967583,0.036384,0.249919,0.945008,-0.286581,0.157577,27.764387,0
6,0.967786,0.030044,0.249976,0.945008,-0.286581,0.157577,27.786482,0
6,0.968133,0.025402,0.249144,0.945008,-0.286581,0.157577,27.808683,0
6,0.968418,0.022325,0.248329,0.945008,-0.286581,0.157577,27.831381,0
6,0.968906,0.020149,0.246605,0.945008,-0.286581,0.157577,27.853098,0
6,0.969466,0.018122,0.244554,0.945008,-0.286581,0.157577,27.875519,0
6,0.970035,0.014820,0.242512,0.945008,-0.286581,0.157577,27.897358,0
6,0.970707,0.009397,0.240084,0.945008,-0.286581,0.157577,27.919851,0
6,0.971289,0.002478,0.237890,0.945008,-0.286581,0.157577,27.941889,0
6,0.971717,-0.006582,0.236055,0.945008,-0.286581,0.157577,27.964804,0
6,0.971794,-0.018194,0.235129,0.945008,-0.286581,0.157577,27.986338,0
6,0.971577,-0.031451,0.234627,0.945008,-0.286581,0.157577,28.008352,0
6,0.971190,-0.044520,0.234113,0.945008,-0.286581,0.157577,28.030764,0
6,0.970584,-0.056629,0.234007,0.945008,-0.286581,0.157577,28.053078,0
6,0.969814,-0.067098,0.234434,0.945008,-0.286581,0.157577,28.075377,0
6,0.968986,-0.075969,0.235147,0.945008,-0.286581,0.157577,28.097761,0
6,0.968221,-0.082262,0.236179,0.945008,-0.286581,0.157577,28.119635,0
6,0.967562,-0.086536,0.237350,0.945008,-0.286581,0.157577,28.141706,0
6,0.967007,-0.088817,0.238764,0.945008,-0.286581,0.157577,28.163898,0
6,0.966687,-0.089264,0.239890,0.945008,-0.286581,0.157577,28.186125,0
6,0.966693,-0.088060,0.240314,0.945008,-0.286581,0.157577,28.209139,0
6,0.967035,-0.085897,0.239717,0.945008,-0.286581,0.157577,28.231092,0
6,0.967617,-0.082606,0.238524,0.945008,-0.286581,0.157577,28.254032,0
6,0.968177,-0.079047,0.237454,0.945008,-0.286581,0.157577,28.276018,0
6,0.968756,-0.075508,0.236240,0.945008,-0.286581,0.157577,28.297304,0
6,0.969346,-0.072128,0.234873,0.945008,-0.286581,0.157577,28.319286,0
6,0.969899,-0.068946,0.233541,0.945008,-0.286581,0.157577,28.341852,0
6,0.970366,-0.066472,0.232318,0.945008,-0.286581,0.157577,28.363998,0
6,0.970775,-0.064728,0.231098,0.945008,-0.286581,0.157577,28.386053,0
6,0.971151,-0.063739,0.229790,0.945008,-0.286581,0.157577,28.408300,0
6,0.971520,-0.063095,0.228401,0.945008,-0.286581,0.157577,28.430471,0
6,0.971836,-0.063378,0.226974,0.945008,-0.286581,0.157577,28.452789,0
6,0.972013,-0.064334,0.225946,0.945008,-0.286581,0.157577,28.475101,0
6,0.972165,-0.064711,0.225183,0.945008,-0.286581,0.157577,28.497381,0
6,0.972212,-0.065489,0.224755,0.945008,-0.286581,0.157577,28.518911,0
6,0.972278,-0.066095,0.224291,0.945008,-0.286581,0.157577,28.541302,0
6,0.972377,-0.066427,0.223766,0.945008,-0.286581,0.157577,28.563356,0
6,0.972573,-0.066571,0.222870,0.945008,-0.286581,0.157577,28.585636,0
6,0.972719,-0.066620,0.222213,0.945008,-0.286581,0.157577,28.607454,0
6,0.972783,-0.066484,0.221975,0.945008,-0.286581,0.157577,28.629665,0
6,0.972873,-0.066167,0.221676,0.945008,-0.286581,0.157577,28.652023,0
7,0.966660,-0.075451,0.244697,0.826791,0.544678,0.140511,31.917774,0
7,0.966709,-0.075690,0.244426,0.826791,0.544678,0.140511,31.940584,0
7,0.966810,-0.075569,0.244066,0.826791,0.544678,0.140511,31.963306,0
7,0.966827,-0.075450,0.244033,0.826791,0.544678,0.140511,31.984152,0
7,0.966874,-0.075123,0.243950,0.826791,0.544678,0.140511,32.006413,0
7,0.966884,-0.075241,0.243875,0.826791,0.544678,0.140511,32.028370,0
7,0.966928,-0.075210,0.243709,0.826791,0.544678,0.140511,32.050785,0
7,0.967037,-0.075037,0.243329,0.826791,0.544678,0.140511,32.072933,0
7,0.967053,-0.075241,0.243203,0.826791,0.544678,0.140511,32.095371,0
7,0.967128,-0.075170,0.242926,0.826791,0.544678,0.140511,32.117760,0
7,0.967250,-0.074907,0.242521,0.826791,0.544678,0.140511,32.139370,0
7,0.967395,-0.074620,0.242030,0.826791,0.544678,0.140511,32.161598,0
7,0.967527,-0.073655,0.241797,0.826791,0.544678,0.140511,32.184753,0
7,0.967795,-0.070949,0.241534,0.826791,0.544678,0.140511,32.206253,0
7,0.968179,-0.065632,0.241498,0.826791,0.544678,0.140511,32.228447,0
7,0.968781,-0.058237,0.240981,0.826791,0.544678,0.140511,32.250614,0
7,0.969488,-0.048572,0.240279,0.826791,0.544678,0.140511,32.272858,0
7,0.970263,-0.036393,0.239300,0.826791,0.544678,0.140511,32.295021,0
7,0.970950,-0.021463,0.238318,0.826791,0.544678,0.140511,32.317146,0
7,0.971381,-0.003280,0.237503,0.826791,0.544678,0.140511,32.339184,0
7,0.971339,0.017985,0.237015,0.826791,0.544678,0.140511,32.361965,0
7,0.970662,0.042375,0.236686,0.826791,0.544678,0.140511,32.384045,0
7,0.969310,0.069206,0.235901,0.826791,0.544678,0.140511,32.406326,0
7,0.967135,0.097475,0.234839,0.826791,0.544678,0.140511,32.428539,0
7,0.963923,0.126810,0.234032,0.826791,0.544678,0.140511,32.450336,0
7,0.959829,0.156363,0.232979,0.826791,0.544678,0.140511,32.472527,0
7,0.954916,0.185990,0.231394,0.826791,0.544678,0.140511,32.494843,0
7,0.949049,0.214858,0.230526,0.826791,0.544678,0.140511,32.516975,0
7,0.942993,0.240649,0.229895,0.826791,0.544678,0.140511,32.539253,0
7,0.936657,0.264112,0.230042,0.826791,0.544678,0.140511,32.561211,0
7,0.930206,0.285740,0.230367,0.826791,0.544678,0.140511,32.583652,0
7,0.924551,0.303316,0.230660,0.826791,0.544678,0.140511,32.606228,0
7,0.920297,0.315730,0.231017,0.826791,0.544678,0.140511,32.627922,0
7,0.916625,0.325551,0.231982,0.826791,0.544678,0.140511,32.650326,0
7,0.914213,0.332614,0.231479,0.826791,0.544678,0.140511,32.672531,0
7,0.913552,0.335608,0.229760,0.826791,0.544678,0.140511,32.695141,0
7,0.913758,0.336780,0.227211,0.826791,0.544678,0.140511,32.717224,0
7,0.914805,0.335711,0.224568,0.826791,0.544678,0.140511,32.739201,0
7,0.916220,0.333065,0.222728,0.826791,0.544678,0.140511,32.761581,0
7,0.917520,0.330286,0.221513,0.826791,0.544678,0.140511,32.784218,0
7,0.919308,0.326083,0.220323,0.826791,0.544678,0.140511,32.806000,0
7,0.922386,0.316938,0.220803,0.826791,0.544678,0.140511,32.828583,0
7,0.926230,0.303401,0.223709,0.826791,0.544678,0.140511,32.850399,0
7,0.930333,0.286362,0.229079,0.826791,0.544678,0.140511,32.872734,0
7,0.934783,0.264543,0.237061,0.826791,0.544678,0.140511,32.895428,0
7,0.939585,0.237142,0.246867,0.826791,0.544678,0.140511,32.917278,0
7,0.943846,0.207086,0.257431,0.826791,0.544678,0.140511,32.939594,0
7,0.946795,0.177659,0.268358,0.826791,0.544678,0.140511,32.962238,0
7,0.948329,0.151988,0.278517,0.826791,0.544678,0.140511,32.984776,0
7,0.949114,0.131289,0.286261,0.826791,0.544678,0.140511,33.006523,0
7,0.949591,0.116607,0.291000,0.826791,0.544678,0.140511,33.028984,0
7,0.949685,0.107734,0.294093,0.826791,0.544678,0.140511,33.051090,0
7,0.949841,0.104128,0.294887,0.826791,0.544678,0.140511,33.073029,0
7,0.949824,0.104561,0.294789,0.826791,0.544678,0.140511,33.095760,0
7,0.949884,0.111022,0.292223,0.826791,0.544678,0.140511,33.117607,0
7,0.950150,0.117138,0.288953,0.826791,0.544678,0.140511,33.139797,0
7,0.950804,0.123149,0.284264,0.826791,0.544678,0.140511,33.161785,0
7,0.951364,0.128486,0.279996,0.826791,0.544678,0.140511,33.184132,0
7,0.952114,0.132635,0.275476,0.826791,0.544678,0.140511,33.206432,0
7,0.953097,0.133785,0.271493,0.826791,0.544678,0.140511,33.228718,0
7,0.954304,0.131800,0.268203,0.826791,0.544678,0.140511,33.250763,0
7,0.955762,0.126673,0.265468,0.826791,0.544678,0.140511,33.272980,0
7,0.957083,0.119767,0.263910,0.826791,0.544678,0.140511,33.296505,0
7,0.958421,0.110475,0.263106,0.826791,0.544678,0.140511,33.318924,0
7,0.959693,0.099362,0.262899,0.826791,0.544678,0.140511,33.339714,0
7,0.960743,0.087913,0.263144,0.826791,0.544678,0.140511,33.361256,0
7,0.961559,0.075512,0.264010,0.826791,0.544678,0.140511,33.385242,0
7,0.962102,0.064173,0.265030,0.826791,0.544678,0.140511,33.407604,0
7,0.962392,0.054386,0.266164,0.826791,0.544678,0.140511,33.427132,0
7,0.962446,0.046719,0.267422,0.826791,0.544678,0.140511,33.450886,0
7,0.962425,0.041674,0.268332,0.826791,0.544678,0.140511,33.472809,0
7,0.962376,0.039691,0.268805,0.826791,0.544678,0.140511,33.493351,0
7,0.962323,0.040635,0.268857,0.826791,0.544678,0.140511,33.516041,0
7,0.962235,0.042864,0.268823,0.826791,0.544678,0.140511,33.537731,0
7,0.962282,0.047062,0.267953,0.826791,0.544678,0.140511,33.559814,0
7,0.962270,0.051625,0.267154,0.826791,0.544678,0.140511,33.582676,0
7,0.962270,0.056543,0.266157,0.826791,0.544678,0.140511,33.605793,0
7,0.962263,0.062274,0.264900,0.826791,0.544678,0.140511,33.626904,0
7,0.962357,0.067627,0.263241,0.826791,0.544678,0.140511,33.648907,0
7,0.962498,0.071973,0.261566,0.826791,0.544678,0.140511,33.671879,0
7,0.962774,0.075400,0.259577,0.826791,0.544678,0.140511,33.693367,0
7,0.962750,0.078060,0.258882,0.826791,0.544678,0.140511,33.716995,0
8,0.964172,0.101234,0.245204,0.916014,0.378219,0.133673,37.025757,0
8,0.964365,0.101689,0.244254,0.916014,0.378219,0.133673,37.049740,0
8,0.964509,0.101544,0.243743,0.916014,0.378219,0.133673,37.070099,0
8,0.964499,0.101270,0.243899,0.916014,0.378219,0.133673,37.092606,0
8,0.964596,0.100913,0.243662,0.916014,0.378219,0.133673,37.114712,0
8,0.964723,0.100356,0.243389,0.916014,0.378219,0.133673,37.136353,0
8,0.964825,0.100288,0.243014,0.916014,0.378219,0.133673,37.158607,0
8,0.964920,0.099957,0.242769,0.916014,0.378219,0.133673,37.180481,0
8,0.964962,0.100103,0.242544,0.916014,0.378219,0.133673,37.202618,0
8,0.964917,0.100505,0.242558,0.916014,0.378219,0.133673,37.224667,0
8,0.964850,0.101080,0.242583,0.916014,0.378219,0.133673,37.247021,0
8,0.964789,0.101540,0.242636,0.916014,0.378219,0.133673,37.268955,0
8,0.964796,0.101740,0.242524,0.916014,0.378219,0.133673,37.290897,0
8,0.964708,0.102407,0.242591,0.916014,0.378219,0.133673,37.313774,0
8,0.964613,0.103031,0.242706,0.916014,0.378219,0.133673,37.335701,0
8,0.964263,0.104442,0.243492,0.916014,0.378219,0.133673,37.357845,0
8,0.963791,0.107769,0.243913,0.916014,0.378219,0.133673,37.379631,0
8,0.963074,0.113301,0.244237,0.916014,0.378219,0.133673,37.403038,0
8,0.962055,0.121410,0.244357,0.916014,0.378219,0.133673,37.424709,0
8,0.960581,0.132660,0.244307,0.916014,0.378219,0.133673,37.446918,0
8,0.958559,0.146320,0.244447,0.916014,0.378219,0.133673,37.469387,0
8,0.955786,0.163596,0.244357,0.916014,0.378219,0.133673,37.491344,0
8,0.952280,0.183822,0.243666,0.916014,0.378219,0.133673,37.513985,0
8,0.947546,0.207732,0.242906,0.916014,0.378219,0.133673,37.535824,0
8,0.941148,0.235823,0.242131,0.916014,0.378219,0.133673,37.558155,0
8,0.933339,0.266730,0.240277,0.916014,0.378219,0.133673,37.579964,0
8,0.924003,0.299250,0.238049,0.916014,0.378219,0.133673,37.602600,0
8,0.912827,0.333782,0.235235,0.916014,0.378219,0.133673,37.624401,0
8,0.899366,0.369925,0.233017,0.916014,0.378219,0.133673,37.646736,0
8,0.883091,0.407902,0.231874,0.916014,0.378219,0.133673,37.668839,0
8,0.864696,0.446567,0.229953,0.916014,0.378219,0.133673,37.691147,0
8,0.844732,0.484372,0.227622,0.916014,0.378219,0.133673,37.713459,0
8,0.824033,0.520480,0.223764,0.916014,0.378219,0.133673,37.735432,0
8,0.803002,0.554583,0.218232,0.916014,0.378219,0.133673,37.757393,0
8,0.783068,0.584698,0.211975,0.916014,0.378219,0.133673,37.780041,0
8,0.766577,0.608372,0.205530,0.916014,0.378219,0.133673,37.802742,0
8,0.753410,0.626181,0.200676,0.916014,0.378219,0.133673,37.825542,0
8,0.745220,0.636386,0.199147,0.916014,0.378219,0.133673,37.847752,0
8,0.741480,0.640460,0.200044,0.916014,0.378219,0.133673,37.869877,0
8,0.742112,0.638759,0.203116,0.916014,0.378219,0.133673,37.892807,0
8,0.746525,0.631983,0.208082,0.916014,0.378219,0.133673,37.915375,0
8,0.754272,0.620557,0.214435,0.916014,0.378219,0.133673,37.937546,0
8,0.763417,0.607087,0.220545,0.916014,0.378219,0.133673,37.959732,0
8,0.773654,0.591595,0.226879,0.916014,0.378219,0.133673,37.982109,0
8,0.785345,0.573294,0.233596,0.916014,0.378219,0.133673,38.004025,0
8,0.796712,0.554883,0.239491,0.916014,0.378219,0.133673,38.026787,0
8,0.808726,0.534369,0.245788,0.916014,0.378219,0.133673,38.048771,0
8,0.820250,0.513176,0.252666,0.916014,0.378219,0.133673,38.070591,0
8,0.830807,0.492257,0.259699,0.916014,0.378219,0.133673,38.093006,0
8,0.841719,0.469774,0.266123,0.916014,0.378219,0.133673,38.115406,0
8,0.852815,0.445690,0.272153,0.916014,0.378219,0.133673,38.137558,0
8,0.863503,0.420665,0.278215,0.916014,0.378219,0.133673,38.159504,0
8,0.873778,0.395455,0.283068,0.916014,0.378219,0.133673,38.182758,0
8,0.884102,0.368258,0.287663,0.916014,0.378219,0.133673,38.203339,0
8,0.894196,0.339079,0.292298,0.916014,0.378219,0.133673,38.225521,0
8,0.903332,0.309785,0.296689,0.916014,0.378219,0.133673,38.248348,0
8,0.911563,0.281193,0.299973,0.916014,0.378219,0.133673,38.270214,0
8,0.918879,0.253442,0.302371,0.916014,0.378219,0.133673,38.292900,0
8,0.925134,0.228389,0.303258,0.916014,0.378219,0.133673,38.314571,0
8,0.930297,0.207898,0.302202,0.916014,0.378219,0.133673,38.336670,0
8,0.934141,0.193431,0.299943,0.916014,0.378219,0.133673,38.358837,0
8,0.936799,0.185152,0.296860,0.916014,0.378219,0.133673,38.380905,0
8,0.938703,0.181825,0.292876,0.916014,0.378219,0.133673,38.404606,0
8,0.940047,0.182019,0.288411,0.916014,0.378219,0.133673,38.426304,0
8,0.940638,0.184549,0.284855,0.916014,0.378219,0.133673,38.448318,0
8,0.940611,0.189739,0.281514,0.916014,0.378219,0.133673,38.470257,0
8,0.940132,0.196628,0.278369,0.916014,0.378219,0.133673,38.492767,0
8,0.939679,0.203521,0.274923,0.916014,0.378219,0.133673,38.515232,0
8,0.939118,0.210076,0.271891,0.916014,0.378219,0.133673,38.536961,0
8,0.938438,0.216218,0.269415,0.916014,0.378219,0.133673,38.558834,0
8,0.937679,0.222200,0.267180,0.916014,0.378219,0.133673,38.581440,0
8,0.936946,0.227205,0.265539,0.916014,0.378219,0.133673,38.604340,0
8,0.936571,0.230454,0.264058,0.916014,0.378219,0.133673,38.625908,0
8,0.936217,0.232858,0.263203,0.916014,0.378219,0.133673,38.647999,0
8,0.936101,0.233867,0.262720,0.916014,0.378219,0.133673,38.670296,0
8,0.936318,0.232901,0.262805,0.916014,0.378219,0.133673,38.693253,0
8,0.936917,0.229962,0.263256,0.916014,0.378219,0.133673,38.715302,0
8,0.937625,0.225914,0.264240,0.916014,0.378219,0.133673,38.736877,0
8,0.938547,0.220398,0.265621,0.916014,0.378219,0.133673,38.758888,0
8,0.939718,0.213731,0.266924,0.916014,0.378219,0.133673,38.780838,0
8,0.940928,0.206643,0.268239,0.916014,0.378219,0.133673,38.803185,0
8,0.942089,0.198932,0.269990,0.916014,0.378219,0.133673,38.825497,0
8,0.942963,0.191434,0.272350,0.916014,0.378219,0.133673,38.847179,0
8,0.943723,0.184590,0.274434,0.916014,0.378219,0.133673,38.869514,0
8,0.944304,0.178361,0.276547,0.916014,0.378219,0.133673,38.891502,0
8,0.944946,0.173559,0.277408,0.916014,0.378219,0.133673,38.913826,0
8,0.945596,0.168948,0.278038,0.916014,0.378219,0.133673,38.935940,0
8,0.946124,0.164850,0.278701,0.916014,0.378219,0.133673,38.957798,0
8,0.946584,0.162055,0.278778,0.916014,0.378219,0.133673,38.980232,0
8,0.946729,0.159996,0.279472,0.916014,0.378219,0.133673,39.002556,0
8,0.946878,0.158394,0.279882,0.916014,0.378219,0.133673,39.024643,0
8,0.946751,0.157685,0.280709,0.916014,0.378219,0.133673,39.046803,0
8,0.946742,0.157162,0.281033,0.916014,0.378219,0.133673,39.069805,0
8,0.946627,0.156701,0.281677,0.916014,0.378219,0.133673,39.091156,0
9,0.954093,0.160368,0.252960,0.950767,0.284996,0.121732,42.313057,0
9,0.953915,0.162810,0.252069,0.950767,0.284996,0.121732,42.335583,0
9,0.953393,0.164426,0.252995,0.950767,0.284996,0.121732,42.356976,0
9,0.952619,0.165944,0.254912,0.950767,0.284996,0.121732,42.379616,0
9,0.951954,0.167439,0.256412,0.950767,0.284996,0.121732,42.402557,0
9,0.951460,0.168273,0.257696,0.950767,0.284996,0.121732,42.424202,0
9,0.951059,0.169110,0.258630,0.950767,0.284996,0.121732,42.446243,0
9,0.950983,0.169696,0.258526,0.950767,0.284996,0.121732,42.468239,0
9,0.951060,0.169795,0.258177,0.950767,0.284996,0.121732,42.490635,0
9,0.951347,0.169705,0.257176,0.950767,0.284996,0.121732,42.512970,0
9,0.951608,0.169870,0.256099,0.950767,0.284996,0.121732,42.535404,0
9,0.952090,0.170119,0.254132,0.950767,0.284996,0.121732,42.557087,0
9,0.952281,0.170492,0.253166,0.950767,0.284996,0.121732,42.579311,0
9,0.952233,0.170861,0.253098,0.950767,0.284996,0.121732,42.601265,0
9,0.951975,0.171336,0.253746,0.950767,0.284996,0.121732,42.623955,0
9,0.951853,0.171735,0.253934,0.950767,0.284996,0.121732,42.645908,0
9,0.951877,0.171663,0.253893,0.950767,0.284996,0.121732,42.668167,0
9,0.951998,0.170934,0.253932,0.950767,0.284996,0.121732,42.690559,0
9,0.952167,0.170411,0.253650,0.950767,0.284996,0.121732,42.712746,0
9,0.952496,0.169480,0.253035,0.950767,0.284996,0.121732,42.735058,0
9,0.952825,0.169042,0.252090,0.950767,0.284996,0.121732,42.756813,0
9,0.953211,0.168773,0.250807,0.950767,0.284996,0.121732,42.779213,0
9,0.953609,0.168262,0.249635,0.950767,0.284996,0.121732,42.801342,0
9,0.954037,0.167951,0.248207,0.950767,0.284996,0.121732,42.824238,0
9,0.954686,0.167052,0.246311,0.950767,0.284996,0.121732,42.846390,0
9,0.955482,0.164568,0.244892,0.950767,0.284996,0.121732,42.868328,0
9,0.956582,0.159369,0.244034,0.950767,0.284996,0.121732,42.890308,0
9,0.957888,0.152699,0.243176,0.950767,0.284996,0.121732,42.912678,0
9,0.959335,0.144650,0.242390,0.950767,0.284996,0.121732,42.935135,0
9,0.960721,0.135744,0.242051,0.950767,0.284996,0.121732,42.957481,0
9,0.961960,0.124633,0.243103,0.950767,0.284996,0.121732,42.979614,0
9,0.963030,0.111583,0.245200,0.950767,0.284996,0.121732,43.001945,0
9,0.963973,0.096957,0.247699,0.950767,0.284996,0.121732,43.025024,0
9,0.964739,0.079421,0.250941,0.950767,0.284996,0.121732,43.045898,0
9,0.965391,0.058339,0.254200,0.950767,0.284996,0.121732,43.067921,0
9,0.965681,0.033528,0.257557,0.950767,0.284996,0.121732,43.090096,0
9,0.965289,0.006875,0.261093,0.950767,0.284996,0.121732,43.112411,0
9,0.963906,-0.021393,0.265381,0.950767,0.284996,0.121732,43.135178,0
9,0.961465,-0.050349,0.270278,0.950767,0.284996,0.121732,43.156960,0
9,0.958096,-0.078543,0.275470,0.950767,0.284996,0.121732,43.179581,0
9,0.954258,-0.104868,0.279990,0.950767,0.284996,0.121732,43.201729,0
9,0.950240,-0.127975,0.284017,0.950767,0.284996,0.121732,43.224354,0
9,0.946488,-0.146591,0.287527,0.950767,0.284996,0.121732,43.245937,0
9,0.943789,-0.159114,0.289734,0.950767,0.284996,0.121732,43.267883,0
9,0.942802,-0.162729,0.290935,0.950767,0.284996,0.121732,43.289505,0
9,0.943423,-0.157911,0.291578,0.950767,0.284996,0.121732,43.312119,0
9,0.945567,-0.144895,0.291391,0.950767,0.284996,0.121732,43.334511,0
9,0.948839,-0.124294,0.290269,0.950767,0.284996,0.121732,43.356483,0
9,0.952629,-0.097616,0.288043,0.950767,0.284996,0.121732,43.378601,0
9,0.956146,-0.066380,0.285270,0.950767,0.284996,0.121732,43.400909,0
9,0.958969,-0.031590,0.281747,0.950767,0.284996,0.121732,43.423237,0
9,0.960564,0.005400,0.278005,0.950767,0.284996,0.121732,43.445183,0
9,0.960712,0.042647,0.274251,0.950767,0.284996,0.121732,43.467628,0
9,0.959433,0.080506,0.270197,0.950767,0.284996,0.121732,43.489418,0
9,0.956517,0.118939,0.266323,0.950767,0.284996,0.121732,43.511578,0
9,0.951986,0.157252,0.262667,0.950767,0.284996,0.121732,43.534683,0
9,0.946152,0.194465,0.258805,0.950767,0.284996,0.121732,43.556919,0
9,0.939479,0.229659,0.254236,0.950767,0.284996,0.121732,43.579269,0
9,0.932131,0.262339,0.249622,0.950767,0.284996,0.121732,43.602215,0
9,0.924743,0.290982,0.245314,0.950767,0.284996,0.121732,43.623375,0
9,0.917836,0.314853,0.241754,0.950767,0.284996,0.121732,43.645199,0
9,0.912184,0.332592,0.239379,0.950767,0.284996,0.121732,43.667187,0
9,0.907680,0.345797,0.237783,0.950767,0.284996,0.121732,43.689304,0
9,0.904931,0.353632,0.236737,0.950767,0.284996,0.121732,43.711769,0
9,0.904198,0.355506,0.236731,0.950767,0.284996,0.121732,43.733448,0
9,0.905647,0.350390,0.238810,0.950767,0.284996,0.121732,43.756004,0
9,0.910074,0.335754,0.242970,0.950767,0.284996,0.121732,43.778023,0
9,0.915826,0.316437,0.247245,0.950767,0.284996,0.121732,43.800472,0
9,0.921814,0.294744,0.251764,0.950767,0.284996,0.121732,43.822468,0
9,0.927976,0.270157,0.256663,0.950767,0.284996,0.121732,43.844978,0
9,0.934032,0.243783,0.261065,0.950767,0.284996,0.121732,43.866585,0
9,0.939179,0.218242,0.265168,0.950767,0.284996,0.121732,43.888851,0
9,0.943343,0.195980,0.267761,0.950767,0.284996,0.121732,43.911232,0
9,0.946599,0.177173,0.269370,0.950767,0.284996,0.121732,43.934040,0
9,0.948867,0.162567,0.270599,0.950767,0.284996,0.121732,43.955433,0
9,0.950525,0.151435,0.271239,0.950767,0.284996,0.121732,43.978504,0
9,0.951557,0.143336,0.272019,0.950767,0.284996,0.121732,44.000111,0
9,0.952097,0.138115,0.272830,0.950767,0.284996,0.121732,44.022354,0
9,0.952390,0.135419,0.273159,0.950767,0.284996,0.121732,44.044559,0
9,0.952447,0.135005,0.273165,0.950767,0.284996,0.121732,44.067169,0
9,0.952403,0.135956,0.272847,0.950767,0.284996,0.121732,44.089043,0
9,0.952261,0.138594,0.272012,0.950767,0.284996,0.121732,44.112217,0
9,0.952083,0.141603,0.271083,0.950767,0.284996,0.121732,44.134495,0
9,0.951951,0.144920,0.269791,0.950767,0.284996,0.121732,44.155872,0
9,0.951833,0.149248,0.267840,0.950767,0.284996,0.121732,44.177898,0
9,0.951702,0.153677,0.265793,0.950767,0.284996,0.121732,44.200245,0
9,0.951571,0.157794,0.263845,0.950767,0.284996,0.121732,44.222424,0
9,0.951526,0.160871,0.262142,0.950767,0.284996,0.121732,44.245571,0
9,0.951548,0.162528,0.261040,0.950767,0.284996,0.121732,44.266876,0
9,0.951763,0.162527,0.260254,0.950767,0.284996,0.121732,44.289101,0
9,0.951975,0.161829,0.259914,0.950767,0.284996,0.121732,44.311752,0
9,0.952097,0.160752,0.260136,0.950767,0.284996,0.121732,44.334316,0
9,0.952177,0.158923,0.260965,0.950767,0.284996,0.121732,44.355820,0
9,0.952272,0.156180,0.262272,0.950767,0.284996,0.121732,44.378124,0
9,0.952402,0.153311,0.263490,0.950767,0.284996,0.121732,44.400887,0
9,0.952499,0.150037,0.265019,0.950767,0.284996,0.121732,44.422497,0
9,0.952755,0.146477,0.266089,0.950767,0.284996,0.121732,44.445030,0
9,0.953031,0.143010,0.266982,0.950767,0.284996,0.121732,44.466988,0
9,0.953382,0.139949,0.267350,0.950767,0.284996,0.121732,44.488808,0
9,0.953646,0.137431,0.267715,0.950767,0.284996,0.121732,44.511234,0
9,0.953710,0.135890,0.268274,0.950767,0.284996,0.121732,44.533970,0
9,0.953611,0.135675,0.268733,0.950767,0.284996,0.121732,44.555660,0
9,0.953577,0.135698,0.268846,0.950767,0.284996,0.121732,44.577847,0
10,0.955288,0.081282,0.284285,0.929474,-0.348208,0.121773,47.887836,0
10,0.955264,0.080815,0.284500,0.929474,-0.348208,0.121773,47.915478,0
10,0.955356,0.079925,0.284440,0.929474,-0.348208,0.121773,47.942928,0
10,0.955492,0.079565,0.284085,0.929474,-0.348208,0.121773,47.970787,0
10,0.955644,0.079175,0.283684,0.929474,-0.348208,0.121773,48.000973,0
10,0.955621,0.079275,0.283734,0.929474,-0.348208,0.121773,48.031559,0
10,0.955690,0.079504,0.283434,0.929474,-0.348208,0.121773,48.062862,0
10,0.955832,0.079513,0.282954,0.929474,-0.348208,0.121773,48.094086,0
10,0.955889,0.079707,0.282708,0.929474,-0.348208,0.121773,48.121117,0
10,0.956017,0.080064,0.282174,0.929474,-0.348208,0.121773,48.147247,0
10,0.956019,0.079552,0.282312,0.929474,-0.348208,0.121773,48.174686,0
10,0.956074,0.079183,0.282229,0.929474,-0.348208,0.121773,48.200752,0
10,0.956248,0.077611,0.282074,0.929474,-0.348208,0.121773,48.226673,0
10,0.956692,0.072587,0.281906,0.929474,-0.348208,0.121773,48.252075,0
10,0.956692,0.072587,0.281906,0.929474,-0.348208,0.121773,48.278072,0
10,0.957303,0.062380,0.282278,0.929474,-0.348208,0.121773,48.306046,0
10,0.957907,0.046798,0.283239,0.929474,-0.348208,0.121773,48.334248,0
10,0.958108,0.024930,0.285321,0.929474,-0.348208,0.121773,48.363251,0
10,0.957182,-0.002332,0.289478,0.929474,-0.348208,0.121773,48.396500,0
10,0.954575,-0.042042,0.294989,0.929474,-0.348208,0.121773,48.429443,0
10,0.950001,-0.087527,0.299727,0.929474,-0.348208,0.121773,48.462624,0
10,0.943101,-0.132267,0.305068,0.929474,-0.348208,0.121773,48.496834,0
10,0.934981,-0.171127,0.310688,0.929474,-0.348208,0.121773,48.529140,0
10,0.926823,-0.203243,0.315738,0.929474,-0.348208,0.121773,48.563492,0
10,0.919773,-0.228702,0.318925,0.929474,-0.348208,0.121773,48.596287,0
10,0.913600,-0.249793,0.320841,0.929474,-0.348208,0.121773,48.631256,0
10,0.908715,-0.265030,0.322485,0.929474,-0.348208,0.121773,48.663906,0
10,0.904669,-0.276007,0.324643,0.929474,-0.348208,0.121773,48.697571,0
10,0.902717,-0.281309,0.325526,0.929474,-0.348208,0.121773,48.730106,0
10,0.903528,-0.278448,0.325735,0.929474,-0.348208,0.121773,48.763351,0
10,0.908191,-0.263987,0.324807,0.929474,-0.348208,0.121773,48.796059,0
10,0.916005,-0.239708,0.321675,0.929474,-0.348208,0.121773,48.829155,0
10,0.924688,-0.210420,0.317294,0.929474,-0.348208,0.121773,48.863113,0
10,0.933058,-0.178543,0.312291,0.929474,-0.348208,0.121773,48.897552,0
10,0.940235,-0.147931,0.306717,0.929474,-0.348208,0.121773,48.937252,0
10,0.946069,-0.117986,0.301717,0.929474,-0.348208,0.121773,48.975948,0
10,0.950226,-0.089745,0.298356,0.929474,-0.348208,0.121773,49.015591,0
10,0.954500,-0.048734,0.294202,0.929474,-0.348208,0.121773,49.055649,0
10,0.957514,-0.015677,0.287961,0.929474,-0.348208,0.121773,49.092197,0
10,0.958905,0.000897,0.283724,0.929474,-0.348208,0.121773,49.129585,0
10,0.959261,0.001586,0.282517,0.929474,-0.348208,0.121773,49.167618,0
10,0.959559,-0.010693,0.281305,0.929474,-0.348208,0.121773,49.206299,0
10,0.959070,-0.030514,0.281522,0.929474,-0.348208,0.121773,49.241768,0
10,0.958931,-0.037174,0.281193,0.929474,-0.348208,0.121773,49.283279,0
10,0.959069,-0.041400,0.280130,0.929474,-0.348208,0.121773,49.326206,0
10,0.959702,-0.035014,0.278828,0.929474,-0.348208,0.121773,49.372372,0
10,0.960324,-0.025491,0.277720,0.929474,-0.348208,0.121773,49.425278,0
10,0.961135,-0.012066,0.275814,0.929474,-0.348208,0.121773,49.473335,0
10,0.961656,-0.007558,0.274155,0.929474,-0.348208,0.121773,49.518730,0
10,0.962211,-0.006378,0.272232,0.929474,-0.348208,0.121773,49.558243,0
10,0.962321,-0.005190,0.271865,0.929474,-0.348208,0.121773,49.596165,0
10,0.962331,-0.004330,0.271845,0.929474,-0.348208,0.121773,49.625645,0
10,0.962425,-0.004022,0.271518,0.929474,-0.348208,0.121773,49.653156,0
10,0.962497,-0.005498,0.271235,0.929474,-0.348208,0.121773,49.681095,0
10,0.962557,-0.007964,0.270961,0.929474,-0.348208,0.121773,49.705860,0
10,0.962503,-0.009617,0.271100,0.929474,-0.348208,0.121773,49.733593,0
10,0.962270,-0.011221,0.271863,0.929474,-0.348208,0.121773,49.763306,0
10,0.961880,-0.012267,0.273197,0.929474,-0.348208,0.121773,49.792053,0
10,0.961789,-0.012654,0.273500,0.929474,-0.348208,0.121773,49.821041,0
10,0.961818,-0.014042,0.273330,0.929474,-0.348208,0.121773,49.848568,0
10,0.962039,-0.015743,0.272459,0.929474,-0.348208,0.121773,49.877892,0
10,0.962039,-0.015743,0.272459,0.929474,-0.348208,0.121773,49.906914,0
10,0.962181,-0.015846,0.271948,0.929474,-0.348208,0.121773,49.937641,0
10,0.962330,-0.014345,0.271506,0.929474,-0.348208,0.121773,49.965530,0
