1,0.997261,-0.049579,0.054893,0.930405,-0.340938,0.134568,3.498120,0
1,0.997302,-0.049698,0.054020,0.930405,-0.340938,0.134568,3.531739,0
1,0.997345,-0.049641,0.053281,0.930405,-0.340938,0.134568,3.565179,0
1,0.997447,-0.048930,0.052016,0.930405,-0.340938,0.134568,3.598337,0
1,0.997555,-0.047927,0.050871,0.930405,-0.340938,0.134568,3.631654,0
1,0.997565,-0.047927,0.050673,0.930405,-0.340938,0.134568,3.664635,0
1,0.997519,-0.048650,0.050876,0.930405,-0.340938,0.134568,3.697995,0
1,0.997476,-0.049566,0.050851,0.930405,-0.340938,0.134568,3.731103,0
1,0.997416,-0.050142,0.051455,0.930405,-0.340938,0.134568,3.764669,0
1,0.997292,-0.050468,0.053490,0.930405,-0.340938,0.134568,3.798767,0
1,0.997210,-0.050750,0.054751,0.930405,-0.340938,0.134568,3.832858,0
1,0.997136,-0.051281,0.055587,0.930405,-0.340938,0.134568,3.866416,0
1,0.996970,-0.052793,0.057129,0.930405,-0.340938,0.134568,3.899494,0
1,0.996632,-0.055078,0.060756,0.930405,-0.340938,0.134568,3.932408,0
1,0.995465,-0.065004,0.069454,0.930405,-0.340938,0.134568,3.966047,0
1,0.992643,-0.088925,0.082167,0.930405,-0.340938,0.134568,3.998772,0
1,0.987398,-0.121452,0.101465,0.930405,-0.340938,0.134568,4.031458,0
1,0.978346,-0.163051,0.127487,0.930405,-0.340938,0.134568,4.064610,0
1,0.964482,-0.213375,0.155711,0.930405,-0.340938,0.134568,4.099269,0
1,0.944451,-0.270825,0.186191,0.930405,-0.340938,0.134568,4.130983,0
1,0.919205,-0.328686,0.216859,0.930405,-0.340938,0.134568,4.164662,0
1,0.889089,-0.385393,0.246967,0.930405,-0.340938,0.134568,4.197955,0
1,0.854915,-0.439100,0.276245,0.930405,-0.340938,0.134568,4.231781,0
1,0.819981,-0.486564,0.301475,0.930405,-0.340938,0.134568,4.265560,0
1,0.785741,-0.528117,0.322029,0.930405,-0.340938,0.134568,4.298149,0
1,0.750265,-0.566574,0.340730,0.930405,-0.340938,0.134568,4.331482,0
1,0.716765,-0.598004,0.358663,0.930405,-0.340938,0.134568,4.364482,0
1,0.691279,-0.618892,0.372970,0.930405,-0.340938,0.134568,4.397694,0
1,0.674752,-0.631887,0.381350,0.930405,-0.340938,0.134568,4.431047,0
1,0.665374,-0.637878,0.387801,0.930405,-0.340938,0.134568,4.463967,0
1,0.665692,-0.634228,0.393203,0.930405,-0.340938,0.134568,4.497635,0
1,0.672186,-0.624764,0.397285,0.930405,-0.340938,0.134568,4.531423,0
1,0.678733,-0.613721,0.403321,0.930405,-0.340938,0.134568,4.564160,0
1,0.683590,-0.603415,0.410603,0.930405,-0.340938,0.134568,4.597877,0
1,0.688532,-0.591484,0.419608,0.930405,-0.340938,0.134568,4.631315,0
1,0.693855,-0.579381,0.427647,0.930405,-0.340938,0.134568,4.664324,0
1,0.697180,-0.570454,0.434190,0.930405,-0.340938,0.134568,4.686590,0
1,0.698448,-0.566117,0.437815,0.930405,-0.340938,0.134568,4.708782,0
1,0.699519,-0.563159,0.439915,0.930405,-0.340938,0.134568,4.731073,0
1,0.700083,-0.561454,0.441195,0.930405,-0.340938,0.134568,4.753416,0
1,0.699820,-0.560986,0.442207,0.930405,-0.340938,0.134568,4.775512,0
1,0.698814,-0.562756,0.441548,0.930405,-0.340938,0.134568,4.797847,0
1,0.698762,-0.564779,0.439040,0.930405,-0.340938,0.134568,4.819913,0
1,0.700265,-0.566737,0.434094,0.930405,-0.340938,0.134568,4.842564,0
1,0.702324,-0.567667,0.429530,0.930405,-0.340938,0.134568,4.864860,0
1,0.704317,-0.568309,0.425396,0.930405,-0.340938,0.134568,4.887090,0
1,0.706019,-0.568892,0.421781,0.930405,-0.340938,0.134568,4.909999,0
1,0.707208,-0.569848,0.418487,0.930405,-0.340938,0.134568,4.931491,0
1,0.708540,-0.569986,0.416037,0.930405,-0.340938,0.134568,4.953628,0
1,0.709966,-0.570118,0.413417,0.930405,-0.340938,0.134568,4.975861,0
1,0.711144,-0.570514,0.410839,0.930405,-0.340938,0.134568,4.998196,0
1,0.712182,-0.571060,0.408273,0.930405,-0.340938,0.134568,5.020392,0
1,0.712664,-0.572025,0.406076,0.930405,-0.340938,0.134568,5.042496,0
1,0.713256,-0.572277,0.404678,0.930405,-0.340938,0.134568,5.064865,0
1,0.714450,-0.571766,0.403292,0.930405,-0.340938,0.134568,5.087032,0
1,0.715320,-0.571769,0.401742,0.930405,-0.340938,0.134568,5.110383,0
1,0.715741,-0.572310,0.400220,0.930405,-0.340938,0.134568,5.131537,0
1,0.716911,-0.571770,0.398895,0.930405,-0.340938,0.134568,5.153870,0
2,0.793859,-0.555281,0.247895,0.962829,-0.228455,0.144112,8.340201,0
2,0.793899,-0.555378,0.247548,0.962829,-0.228455,0.144112,8.363204,0
2,0.793891,-0.555208,0.247953,0.962829,-0.228455,0.144112,8.385309,0
2,0.794005,-0.554936,0.248197,0.962829,-0.228455,0.144112,8.407555,0
2,0.793972,-0.554897,0.248392,0.962829,-0.228455,0.144112,8.429952,0
2,0.794040,-0.554712,0.248585,0.962829,-0.228455,0.144112,8.451940,0
2,0.793963,-0.554726,0.248801,0.962829,-0.228455,0.144112,8.473748,0
2,0.793733,-0.554830,0.249303,0.962829,-0.228455,0.144112,8.496133,0
2,0.793650,-0.554894,0.249423,0.962829,-0.228455,0.144112,8.518400,0
2,0.793610,-0.554791,0.249779,0.962829,-0.228455,0.144112,8.540973,0
2,0.794055,-0.554187,0.249708,0.962829,-0.228455,0.144112,8.563107,0
2,0.794149,-0.554069,0.249671,0.962829,-0.228455,0.144112,8.585034,0
2,0.794400,-0.553774,0.249524,0.962829,-0.228455,0.144112,8.607699,0
2,0.794431,-0.553730,0.249525,0.962829,-0.228455,0.144112,8.629782,0
2,0.794736,-0.553345,0.249405,0.962829,-0.228455,0.144112,8.652046,0
2,0.795622,-0.551950,0.249674,0.962829,-0.228455,0.144112,8.673559,0
2,0.798832,-0.547133,0.250024,0.962829,-0.228455,0.144112,8.696628,0
2,0.804008,-0.539686,0.249622,0.962829,-0.228455,0.144112,8.718200,0
2,0.810677,-0.529450,0.249971,0.962829,-0.228455,0.144112,8.740581,0
2,0.818035,-0.517432,0.251163,0.962829,-0.228455,0.144112,8.763031,0
2,0.826835,-0.501267,0.255100,0.962829,-0.228455,0.144112,8.784831,0
2,0.837795,-0.479471,0.261165,0.962829,-0.228455,0.144112,8.807239,0
2,0.850672,-0.451564,0.269160,0.962829,-0.228455,0.144112,8.829564,0
2,0.863905,-0.419352,0.278948,0.962829,-0.228455,0.144112,8.852448,0
2,0.875526,-0.386321,0.290191,0.962829,-0.228455,0.144112,8.874144,0
2,0.881641,-0.366017,0.297892,0.962829,-0.228455,0.144112,8.897540,0
2,0.892075,-0.329586,0.309153,0.962829,-0.228455,0.144112,8.918443,0
2,0.901868,-0.291880,0.318498,0.962829,-0.228455,0.144112,8.940497,0
2,0.911413,-0.253280,0.324309,0.962829,-0.228455,0.144112,8.962623,0
2,0.920080,-0.214212,0.327972,0.962829,-0.228455,0.144112,8.984873,0
2,0.928621,-0.173119,0.328165,0.962829,-0.228455,0.144112,9.007372,0
2,0.936040,-0.132188,0.326121,0.962829,-0.228455,0.144112,9.029467,0
2,0.941229,-0.096821,0.323596,0.962829,-0.228455,0.144112,9.051793,0
2,0.944182,-0.069218,0.322070,0.962829,-0.228455,0.144112,9.073734,0
2,0.946030,-0.048929,0.320364,0.962829,-0.228455,0.144112,9.097755,0
2,0.947228,-0.032897,0.318868,0.962829,-0.228455,0.144112,9.118351,0
2,0.948398,-0.021159,0.316376,0.962829,-0.228455,0.144112,9.142639,0
2,0.949576,-0.013057,0.313266,0.962829,-0.228455,0.144112,9.163861,0
2,0.950386,-0.008553,0.310956,0.962829,-0.228455,0.144112,9.185112,0
2,0.950791,-0.007230,0.309748,0.962829,-0.228455,0.144112,9.206977,0
2,0.950880,-0.011283,0.309354,0.962829,-0.228455,0.144112,9.228957,0
2,0.950684,-0.022843,0.309317,0.962829,-0.228455,0.144112,9.250788,0
2,0.949397,-0.042965,0.311127,0.962829,-0.228455,0.144112,9.273546,0
2,0.947179,-0.068781,0.313242,0.962829,-0.228455,0.144112,9.296676,0
2,0.943366,-0.101505,0.315845,0.962829,-0.228455,0.144112,9.318269,0
2,0.937465,-0.140223,0.318587,0.962829,-0.228455,0.144112,9.339853,0
2,0.929105,-0.182148,0.321847,0.962829,-0.228455,0.144112,9.361970,0
2,0.918232,-0.226306,0.325017,0.962829,-0.228455,0.144112,9.384517,0
2,0.905049,-0.271450,0.327416,0.962829,-0.228455,0.144112,9.406645,0
2,0.889117,-0.316349,0.330748,0.962829,-0.228455,0.144112,9.429287,0
2,0.871132,-0.359533,0.334461,0.962829,-0.228455,0.144112,9.451353,0
2,0.851979,-0.399747,0.338133,0.962829,-0.228455,0.144112,9.473434,0
2,0.833008,-0.435963,0.340638,0.962829,-0.228455,0.144112,9.495490,0
2,0.815357,-0.466397,0.343026,0.962829,-0.228455,0.144112,9.517964,0
2,0.800853,-0.488876,0.345882,0.962829,-0.228455,0.144112,9.539918,0
2,0.790699,-0.503337,0.348493,0.962829,-0.228455,0.144112,9.562550,0
2,0.784062,-0.512648,0.349913,0.962829,-0.228455,0.144112,9.584266,0
2,0.782322,-0.515855,0.349092,0.962829,-0.228455,0.144112,9.606613,0
2,0.784861,-0.513386,0.347027,0.962829,-0.228455,0.144112,9.629638,0
2,0.790046,-0.506679,0.345113,0.962829,-0.228455,0.144112,9.650820,0
2,0.796003,-0.498133,0.343865,0.962829,-0.228455,0.144112,9.672970,0
2,0.801916,-0.489502,0.342519,0.962829,-0.228455,0.144112,9.695897,0
2,0.807476,-0.481686,0.340532,0.962829,-0.228455,0.144112,9.718097,0
2,0.812291,-0.475572,0.337661,0.962829,-0.228455,0.144112,9.740578,0
2,0.816834,-0.469914,0.334609,0.962829,-0.228455,0.144112,9.762544,0
2,0.820563,-0.465772,0.331260,0.962829,-0.228455,0.144112,9.784185,0
2,0.823320,-0.462897,0.328436,0.962829,-0.228455,0.144112,9.806828,0
3,0.926011,-0.300138,0.228955,0.881767,0.438682,0.173337,13.070661,0
3,0.925957,-0.300347,0.228901,0.881767,0.438682,0.173337,13.094617,0
3,0.925826,-0.300720,0.228940,0.881767,0.438682,0.173337,13.116981,0
3,0.925878,-0.300581,0.228912,0.881767,0.438682,0.173337,13.138197,0
3,0.925718,-0.300867,0.229183,0.881767,0.438682,0.173337,13.160322,0
3,0.925564,-0.301512,0.228959,0.881767,0.438682,0.173337,13.182728,0
3,0.925489,-0.301559,0.229198,0.881767,0.438682,0.173337,13.204247,0
3,0.925494,-0.301865,0.228775,0.881767,0.438682,0.173337,13.226435,0
3,0.925383,-0.302342,0.228595,0.881767,0.438682,0.173337,13.250096,0
3,0.925353,-0.302748,0.228180,0.881767,0.438682,0.173337,13.271566,0
3,0.925129,-0.303231,0.228444,0.881767,0.438682,0.173337,13.293255,0
3,0.924902,-0.304222,0.228046,0.881767,0.438682,0.173337,13.315899,0
3,0.924709,-0.305246,0.227461,0.881767,0.438682,0.173337,13.337201,0
3,0.924600,-0.306049,0.226822,0.881767,0.438682,0.173337,13.359837,0
3,0.924491,-0.306661,0.226440,0.881767,0.438682,0.173337,13.381929,0
3,0.924438,-0.306848,0.226402,0.881767,0.438682,0.173337,13.403867,0
3,0.924390,-0.307195,0.226131,0.881767,0.438682,0.173337,13.427346,0
3,0.924458,-0.307210,0.225829,0.881767,0.438682,0.173337,13.448547,0
3,0.924640,-0.306818,0.225617,0.881767,0.438682,0.173337,13.471461,0
3,0.924773,-0.306402,0.225638,0.881767,0.438682,0.173337,13.492816,0
3,0.925112,-0.305444,0.225547,0.881767,0.438682,0.173337,13.514956,0
3,0.925906,-0.303306,0.225173,0.881767,0.438682,0.173337,13.537271,0
3,0.927417,-0.298182,0.225801,0.881767,0.438682,0.173337,13.560330,0
3,0.929984,-0.289060,0.227099,0.881767,0.438682,0.173337,13.581238,0
3,0.933377,-0.276606,0.228686,0.881767,0.438682,0.173337,13.603319,0
3,0.937807,-0.259502,0.230598,0.881767,0.438682,0.173337,13.626116,0
3,0.943065,-0.237294,0.233068,0.881767,0.438682,0.173337,13.648039,0
3,0.949053,-0.209169,0.235685,0.881767,0.438682,0.173337,13.670130,0
3,0.954632,-0.178660,0.238241,0.881767,0.438682,0.173337,13.692965,0
3,0.959186,-0.145811,0.242282,0.881767,0.438682,0.173337,13.714705,0
3,0.962173,-0.110362,0.249085,0.881767,0.438682,0.173337,13.736837,0
3,0.963572,-0.071700,0.257660,0.881767,0.438682,0.173337,13.760206,0
3,0.963266,-0.031801,0.266661,0.881767,0.438682,0.173337,13.781309,0
3,0.961097,0.007434,0.276111,0.881767,0.438682,0.173337,13.803965,0
3,0.956917,0.044553,0.286923,0.881767,0.438682,0.173337,13.825998,0
3,0.950997,0.081009,0.298401,0.881767,0.438682,0.173337,13.848239,0
3,0.943547,0.117385,0.309741,0.881767,0.438682,0.173337,13.871149,0
3,0.935535,0.149868,0.319864,0.881767,0.438682,0.173337,13.893026,0
3,0.928041,0.176580,0.327964,0.881767,0.438682,0.173337,13.916035,0
3,0.921453,0.198966,0.333672,0.881767,0.438682,0.173337,13.937945,0
3,0.916184,0.218557,0.335916,0.881767,0.438682,0.173337,13.959976,0
3,0.912807,0.233658,0.334945,0.881767,0.438682,0.173337,13.982144,0
3,0.911344,0.243504,0.331901,0.881767,0.438682,0.173337,14.004215,0
3,0.911759,0.248195,0.327252,0.881767,0.438682,0.173337,14.026680,0
3,0.913558,0.247757,0.322533,0.881767,0.438682,0.173337,14.048825,0
3,0.916112,0.244885,0.317444,0.881767,0.438682,0.173337,14.070797,0
3,0.918453,0.241171,0.313498,0.881767,0.438682,0.173337,14.093431,0
3,0.920805,0.235750,0.310710,0.881767,0.438682,0.173337,14.116307,0
3,0.922849,0.229430,0.309373,0.881767,0.438682,0.173337,14.138584,0
3,0.924370,0.223339,0.309288,0.881767,0.438682,0.173337,14.160319,0
3,0.924910,0.219750,0.310244,0.881767,0.438682,0.173337,14.182755,0
3,0.924653,0.219210,0.311391,0.881767,0.438682,0.173337,14.204494,0
3,0.923400,0.222024,0.313111,0.881767,0.438682,0.173337,14.227201,0
3,0.922088,0.225859,0.314230,0.881767,0.438682,0.173337,14.249269,0
3,0.920462,0.231554,0.314852,0.881767,0.438682,0.173337,14.271493,0
4,0.961373,0.120845,0.247304,0.931310,0.337829,0.136139,17.602188,0
4,0.961448,0.120736,0.247062,0.931310,0.337829,0.136139,17.625063,0
4,0.961506,0.121015,0.246703,0.931310,0.337829,0.136139,17.647865,0
4,0.961449,0.121509,0.246680,0.931310,0.337829,0.136139,17.670511,0
4,0.961497,0.121803,0.246348,0.931310,0.337829,0.136139,17.692484,0
4,0.961426,0.122292,0.246382,0.931310,0.337829,0.136139,17.714178,0
4,0.961307,0.122570,0.246708,0.931310,0.337829,0.136139,17.736319,0
4,0.961205,0.123249,0.246767,0.931310,0.337829,0.136139,17.759014,0
4,0.961198,0.123424,0.246709,0.931310,0.337829,0.136139,17.780857,0
4,0.961180,0.123555,0.246714,0.931310,0.337829,0.136139,17.802738,0
4,0.961103,0.123787,0.246896,0.931310,0.337829,0.136139,17.824869,0
4,0.961024,0.124150,0.247022,0.931310,0.337829,0.136139,17.847279,0
4,0.961123,0.123160,0.247133,0.931310,0.337829,0.136139,17.869221,0
4,0.961473,0.119546,0.247545,0.931310,0.337829,0.136139,17.891506,0
4,0.962581,0.110419,0.247479,0.931310,0.337829,0.136139,17.913439,0
4,0.964602,0.094579,0.246167,0.931310,0.337829,0.136139,17.935894,0
4,0.967086,0.071973,0.244060,0.931310,0.337829,0.136139,17.958036,0
4,0.969337,0.044392,0.241691,0.931310,0.337829,0.136139,17.979706,0
4,0.970627,0.014067,0.240178,0.931310,0.337829,0.136139,18.002151,0
4,0.970711,-0.021123,0.239321,0.931310,0.337829,0.136139,18.024641,0
4,0.969179,-0.059059,0.239174,0.931310,0.337829,0.136139,18.047485,0
4,0.965862,-0.097027,0.240202,0.931310,0.337829,0.136139,18.068907,0
4,0.961277,-0.132046,0.241888,0.931310,0.337829,0.136139,18.091457,0
4,0.956252,-0.162232,0.243441,0.931310,0.337829,0.136139,18.113792,0
4,0.950745,-0.189421,0.245365,0.931310,0.337829,0.136139,18.136181,0
4,0.944283,-0.216024,0.248319,0.931310,0.337829,0.136139,18.159376,0
4,0.937244,-0.240839,0.252132,0.931310,0.337829,0.136139,18.180429,0
4,0.930071,-0.264030,0.255454,0.931310,0.337829,0.136139,18.203810,0
4,0.923025,-0.285511,0.257891,0.931310,0.337829,0.136139,18.225719,0
4,0.916378,-0.304851,0.259457,0.931310,0.337829,0.136139,18.247803,0
4,0.909997,-0.321567,0.261724,0.931310,0.337829,0.136139,18.270115,0
4,0.905041,-0.333172,0.264381,0.931310,0.337829,0.136139,18.291805,0
4,0.902715,-0.337729,0.266543,0.931310,0.337829,0.136139,18.315033,0
4,0.903036,-0.335363,0.268437,0.931310,0.337829,0.136139,18.337044,0
4,0.906021,-0.325580,0.270413,0.931310,0.337829,0.136139,18.358557,0
4,0.910882,-0.310101,0.272269,0.931310,0.337829,0.136139,18.380911,0
4,0.917291,-0.289013,0.273950,0.931310,0.337829,0.136139,18.402773,0
4,0.924214,-0.263617,0.276286,0.931310,0.337829,0.136139,18.425257,0
4,0.931518,-0.232324,0.279821,0.931310,0.337829,0.136139,18.446903,0
4,0.938437,-0.196217,0.284315,0.931310,0.337829,0.136139,18.469324,0
4,0.944079,-0.157491,0.289675,0.931310,0.337829,0.136139,18.491817,0
4,0.948273,-0.116322,0.295378,0.931310,0.337829,0.136139,18.513510,0
4,0.950593,-0.072978,0.301740,0.931310,0.337829,0.136139,18.536064,0
4,0.951036,-0.029050,0.307710,0.931310,0.337829,0.136139,18.560211,0
4,0.949623,0.014001,0.313082,0.931310,0.337829,0.136139,18.581501,0
4,0.946193,0.055249,0.318852,0.931310,0.337829,0.136139,18.602617,0
4,0.940549,0.094393,0.326278,0.931310,0.337829,0.136139,18.624607,0
4,0.933586,0.130375,0.333797,0.931310,0.337829,0.136139,18.646795,0
4,0.926219,0.161991,0.340408,0.931310,0.337829,0.136139,18.668827,0
4,0.919352,0.187046,0.346130,0.931310,0.337829,0.136139,18.691412,0
4,0.913496,0.205973,0.350855,0.931310,0.337829,0.136139,18.713152,0
4,0.909239,0.218343,0.354415,0.931310,0.337829,0.136139,18.735880,0
5,0.969771,0.177214,0.167746,0.961885,0.221730,0.160041,22.168253,0
5,0.969613,0.177581,0.168269,0.961885,0.221730,0.160041,22.201097,0
5,0.969479,0.178110,0.168483,0.961885,0.221730,0.160041,22.233974,0
5,0.969426,0.177997,0.168911,0.961885,0.221730,0.160041,22.268600,0
5,0.969396,0.177806,0.169282,0.961885,0.221730,0.160041,22.301666,0
5,0.969329,0.177009,0.170499,0.961885,0.221730,0.160041,22.334856,0
5,0.969322,0.175658,0.171929,0.961885,0.221730,0.160041,22.369972,0
5,0.969454,0.174347,0.172517,0.961885,0.221730,0.160041,22.399599,0
5,0.969587,0.173209,0.172917,0.961885,0.221730,0.160041,22.432817,0
5,0.969769,0.172309,0.172795,0.961885,0.221730,0.160041,22.466017,0
5,0.969948,0.171225,0.172868,0.961885,0.221730,0.160041,22.499306,0
5,0.970413,0.168468,0.172964,0.961885,0.221730,0.160041,22.532547,0
5,0.971846,0.160182,0.172793,0.961885,0.221730,0.160041,22.565981,0
5,0.974512,0.142188,0.173517,0.961885,0.221730,0.160041,22.599340,0
5,0.977647,0.114660,0.176237,0.961885,0.221730,0.160041,22.632135,0
5,0.980521,0.078930,0.179855,0.961885,0.221730,0.160041,22.665878,0
5,0.981927,0.032422,0.186462,0.961885,0.221730,0.160041,22.699314,0
5,0.980588,-0.021451,0.194901,0.961885,0.221730,0.160041,22.732773,0
5,0.975662,-0.082077,0.203338,0.961885,0.221730,0.160041,22.766224,0
5,0.965968,-0.147703,0.212346,0.961885,0.221730,0.160041,22.799673,0
5,0.951266,-0.213914,0.222113,0.961885,0.221730,0.160041,22.832809,0
5,0.932540,-0.277804,0.230637,0.961885,0.221730,0.160041,22.866161,0
5,0.910939,-0.337170,0.237711,0.961885,0.221730,0.160041,22.899839,0
5,0.888645,-0.388880,0.243070,0.961885,0.221730,0.160041,22.932308,0
5,0.867922,-0.431605,0.245823,0.961885,0.221730,0.160041,22.965702,0
5,0.853665,-0.457428,0.249029,0.961885,0.221730,0.160041,22.998945,0
5,0.846391,-0.468341,0.253532,0.961885,0.221730,0.160041,23.032310,0
5,0.843613,-0.471285,0.257310,0.961885,0.221730,0.160041,23.065496,0
5,0.847178,-0.463648,0.259461,0.961885,0.221730,0.160041,23.098997,0
5,0.853317,-0.450951,0.261710,0.961885,0.221730,0.160041,23.132263,0
5,0.861027,-0.434245,0.264697,0.961885,0.221730,0.160041,23.165960,0
5,0.873339,-0.406832,0.267893,0.961885,0.221730,0.160041,23.198736,0
5,0.889904,-0.366183,0.271994,0.961885,0.221730,0.160041,23.231861,0
5,0.911475,-0.306020,0.274892,0.961885,0.221730,0.160041,23.265320,0
5,0.930369,-0.238821,0.278168,0.961885,0.221730,0.160041,23.298960,0
5,0.945177,-0.168283,0.279859,0.961885,0.221730,0.160041,23.332359,0
5,0.954337,-0.094255,0.283472,0.961885,0.221730,0.160041,23.365305,0
5,0.957270,-0.023380,0.288249,0.961885,0.221730,0.160041,23.398911,0
5,0.955349,0.039595,0.292815,0.961885,0.221730,0.160041,23.420765,0
5,0.951498,0.078191,0.297554,0.961885,0.221730,0.160041,23.443556,0
5,0.946971,0.110145,0.301850,0.961885,0.221730,0.160041,23.466192,0
5,0.942118,0.136874,0.306070,0.961885,0.221730,0.160041,23.488283,0
5,0.937437,0.157445,0.310519,0.961885,0.221730,0.160041,23.510586,0
5,0.932936,0.175119,0.314585,0.961885,0.221730,0.160041,23.533207,0
5,0.929287,0.188200,0.317816,0.961885,0.221730,0.160041,23.556040,0
5,0.925486,0.200324,0.321474,0.961885,0.221730,0.160041,23.578373,0
5,0.922239,0.211384,0.323717,0.961885,0.221730,0.160041,23.600159,0
6,0.970092,0.111271,0.215733,0.969151,-0.176801,0.171718,26.776697,0
6,0.970012,0.110961,0.216252,0.969151,-0.176801,0.171718,26.810369,0
6,0.969984,0.110617,0.216553,0.969151,-0.176801,0.171718,26.843395,0
6,0.970028,0.110082,0.216629,0.969151,-0.176801,0.171718,26.876406,0
6,0.970086,0.109700,0.216564,0.969151,-0.176801,0.171718,26.909479,0
6,0.970179,0.109081,0.216459,0.969151,-0.176801,0.171718,26.943560,0
6,0.970114,0.108840,0.216869,0.969151,-0.176801,0.171718,26.976910,0
6,0.970138,0.108770,0.216797,0.969151,-0.176801,0.171718,27.010693,0
6,0.970180,0.108590,0.216701,0.969151,-0.176801,0.171718,27.043732,0
6,0.970022,0.108393,0.217504,0.969151,-0.176801,0.171718,27.076717,0
6,0.970114,0.107792,0.217395,0.969151,-0.176801,0.171718,27.109737,0
6,0.970503,0.104125,0.217445,0.969151,-0.176801,0.171718,27.143950,0
6,0.971702,0.091793,0.217644,0.969151,-0.176801,0.171718,27.176571,0
6,0.973484,0.074133,0.216411,0.969151,-0.176801,0.171718,27.210705,0
6,0.975160,0.048464,0.216136,0.969151,-0.176801,0.171718,27.243681,0
6,0.975898,0.009821,0.218007,0.969151,-0.176801,0.171718,27.276859,0
6,0.974221,-0.042787,0.221503,0.969151,-0.176801,0.171718,27.309574,0
6,0.968017,-0.105043,0.227835,0.969151,-0.176801,0.171718,27.343197,0
6,0.955855,-0.173293,0.237298,0.969151,-0.176801,0.171718,27.377264,0
6,0.937855,-0.243110,0.247640,0.969151,-0.176801,0.171718,27.409994,0
6,0.915578,-0.309391,0.256894,0.969151,-0.176801,0.171718,27.443151,0
6,0.890999,-0.369130,0.264319,0.969151,-0.176801,0.171718,27.478651,0
6,0.867593,-0.419498,0.267029,0.969151,-0.176801,0.171718,27.498131,0
6,0.852003,-0.450118,0.267366,0.969151,-0.176801,0.171718,27.519789,0
6,0.838213,-0.475469,0.267074,0.969151,-0.176801,0.171718,27.541830,0
6,0.827559,-0.494159,0.266369,0.969151,-0.176801,0.171718,27.563797,0
6,0.819633,-0.507539,0.265720,0.969151,-0.176801,0.171718,27.586979,0
6,0.813814,-0.517255,0.264867,0.969151,-0.176801,0.171718,27.608250,0
6,0.810301,-0.523479,0.263404,0.969151,-0.176801,0.171718,27.631863,0
7,0.935960,-0.281655,0.211303,0.922588,0.355941,0.148790,31.196415,0
7,0.935910,-0.281640,0.211544,0.922588,0.355941,0.148790,31.219385,0
7,0.935959,-0.281471,0.211554,0.922588,0.355941,0.148790,31.241213,0
7,0.936172,-0.280716,0.211612,0.922588,0.355941,0.148790,31.264738,0
7,0.936331,-0.280259,0.211517,0.922588,0.355941,0.148790,31.285440,0
7,0.936320,-0.280124,0.211744,0.922588,0.355941,0.148790,31.308611,0
7,0.936192,-0.280268,0.212119,0.922588,0.355941,0.148790,31.329332,0
7,0.936046,-0.280579,0.212351,0.922588,0.355941,0.148790,31.351116,0
7,0.935914,-0.280995,0.212385,0.922588,0.355941,0.148790,31.385096,0
7,0.935727,-0.281477,0.212568,0.922588,0.355941,0.148790,31.418211,0
7,0.935660,-0.281633,0.212655,0.922588,0.355941,0.148790,31.451082,0
7,0.935610,-0.281763,0.212706,0.922588,0.355941,0.148790,31.484566,0
7,0.935834,-0.281203,0.212463,0.922588,0.355941,0.148790,31.518206,0
7,0.936174,-0.279844,0.212757,0.922588,0.355941,0.148790,31.551350,0
7,0.937082,-0.276644,0.212946,0.922588,0.355941,0.148790,31.584600,0
7,0.938905,-0.269993,0.213452,0.922588,0.355941,0.148790,31.617968,0
7,0.942059,-0.255666,0.217164,0.922588,0.355941,0.148790,31.651321,0
7,0.948048,-0.227217,0.222659,0.922588,0.355941,0.148790,31.684473,0
7,0.954991,-0.189142,0.228513,0.922588,0.355941,0.148790,31.717884,0
7,0.961274,-0.144699,0.234552,0.922588,0.355941,0.148790,31.751354,0
7,0.965486,-0.092227,0.243581,0.922588,0.355941,0.148790,31.784235,0
7,0.966760,-0.034958,0.253283,0.922588,0.355941,0.148790,31.817518,0
7,0.964174,0.021448,0.264401,0.922588,0.355941,0.148790,31.851387,0
7,0.958417,0.075617,0.275172,0.922588,0.355941,0.148790,31.884346,0
7,0.951366,0.121821,0.282952,0.922588,0.355941,0.148790,31.917643,0
7,0.942999,0.161418,0.291029,0.922588,0.355941,0.148790,31.950600,0
7,0.934722,0.195352,0.296870,0.922588,0.355941,0.148790,31.983784,0
7,0.927343,0.222389,0.300963,0.922588,0.355941,0.148790,32.017624,0
7,0.920281,0.246995,0.303442,0.922588,0.355941,0.148790,32.051346,0
7,0.915450,0.266079,0.301914,0.922588,0.355941,0.148790,32.084213,0
7,0.913170,0.276187,0.299736,0.922588,0.355941,0.148790,32.117928,0
7,0.913983,0.276670,0.296796,0.922588,0.355941,0.148790,32.150951,0
7,0.916402,0.270158,0.295335,0.922588,0.355941,0.148790,32.184258,0
8,0.955734,0.136398,0.260708,0.982006,0.148860,0.116211,35.494308,0
8,0.955637,0.136530,0.260993,0.982006,0.148860,0.116211,35.517448,0
8,0.955653,0.136642,0.260875,0.982006,0.148860,0.116211,35.539700,0
8,0.955654,0.136735,0.260823,0.982006,0.148860,0.116211,35.561512,0
8,0.955568,0.137029,0.260986,0.982006,0.148860,0.116211,35.583542,0
8,0.955541,0.137231,0.260979,0.982006,0.148860,0.116211,35.606167,0
8,0.955590,0.137493,0.260660,0.982006,0.148860,0.116211,35.628426,0
8,0.955500,0.137832,0.260810,0.982006,0.148860,0.116211,35.650978,0
8,0.955646,0.138343,0.260005,0.982006,0.148860,0.116211,35.672642,0
8,0.955804,0.138384,0.259401,0.982006,0.148860,0.116211,35.695137,0
8,0.955863,0.138315,0.259220,0.982006,0.148860,0.116211,35.717690,0
8,0.955843,0.138045,0.259437,0.982006,0.148860,0.116211,35.739830,0
8,0.955778,0.137664,0.259877,0.982006,0.148860,0.116211,35.761349,0
8,0.955901,0.136991,0.259781,0.982006,0.148860,0.116211,35.783684,0
8,0.956069,0.136179,0.259592,0.982006,0.148860,0.116211,35.805813,0
8,0.956098,0.135629,0.259772,0.982006,0.148860,0.116211,35.828247,0
8,0.956091,0.135695,0.259762,0.982006,0.148860,0.116211,35.850681,0
8,0.956117,0.135820,0.259603,0.982006,0.148860,0.116211,35.873138,0
8,0.955975,0.136554,0.259741,0.982006,0.148860,0.116211,35.895119,0
8,0.955676,0.138026,0.260061,0.982006,0.148860,0.116211,35.917191,0
8,0.955376,0.139789,0.260223,0.982006,0.148860,0.116211,35.940044,0
8,0.955090,0.142055,0.260047,0.982006,0.148860,0.116211,35.961323,0
8,0.954606,0.144845,0.260284,0.982006,0.148860,0.116211,35.983089,0
8,0.954094,0.148361,0.260182,0.982006,0.148860,0.116211,36.005527,0
8,0.953567,0.152623,0.259646,0.982006,0.148860,0.116211,36.027687,0
8,0.953033,0.156939,0.259034,0.982006,0.148860,0.116211,36.050259,0
8,0.952655,0.159769,0.258692,0.982006,0.148860,0.116211,36.071865,0
8,0.952156,0.163686,0.258082,0.982006,0.148860,0.116211,36.094536,0
8,0.951748,0.165647,0.258333,0.982006,0.148860,0.116211,36.116554,0
8,0.951933,0.164789,0.258202,0.982006,0.148860,0.116211,36.138912,0
8,0.952581,0.160950,0.258233,0.982006,0.148860,0.116211,36.161072,0
8,0.953905,0.152607,0.258411,0.982006,0.148860,0.116211,36.182865,0
8,0.955817,0.138292,0.259400,0.982006,0.148860,0.116211,36.205521,0
8,0.957995,0.118875,0.260986,0.982006,0.148860,0.116211,36.227676,0
8,0.960517,0.091414,0.262774,0.982006,0.148860,0.116211,36.249573,0
8,0.962467,0.058524,0.265013,0.982006,0.148860,0.116211,36.272392,0
8,0.963152,0.021714,0.268079,0.982006,0.148860,0.116211,36.294067,0
8,0.962424,-0.018213,0.270939,0.982006,0.148860,0.116211,36.316555,0
8,0.959978,-0.059951,0.273583,0.982006,0.148860,0.116211,36.338604,0
8,0.955835,-0.100809,0.276075,0.982006,0.148860,0.116211,36.360710,0
8,0.950549,-0.138529,0.277967,0.982006,0.148860,0.116211,36.383274,0
8,0.944236,-0.172393,0.280532,0.982006,0.148860,0.116211,36.405525,0
8,0.937899,-0.200562,0.283055,0.982006,0.148860,0.116211,36.427811,0
8,0.932037,-0.222788,0.285784,0.982006,0.148860,0.116211,36.449680,0
8,0.927150,-0.237896,0.289478,0.982006,0.148860,0.116211,36.471722,0
8,0.923623,-0.245933,0.294003,0.982006,0.148860,0.116211,36.495007,0
8,0.921125,-0.249700,0.298629,0.982006,0.148860,0.116211,36.516632,0
8,0.919613,-0.251297,0.301929,0.982006,0.148860,0.116211,36.538834,0
8,0.919185,-0.250288,0.304064,0.982006,0.148860,0.116211,36.560883,0
8,0.919824,-0.246432,0.305280,0.982006,0.148860,0.116211,36.583134,0
8,0.921605,-0.237735,0.306801,0.982006,0.148860,0.116211,36.605453,0
8,0.923937,-0.226263,0.308456,0.982006,0.148860,0.116211,36.627480,0
8,0.926788,-0.211214,0.310569,0.982006,0.148860,0.116211,36.649563,0
8,0.930585,-0.191328,0.312097,0.982006,0.148860,0.116211,36.671509,0
8,0.935206,-0.165683,0.312953,0.982006,0.148860,0.116211,36.694778,0
8,0.939826,-0.137073,0.312952,0.982006,0.148860,0.116211,36.716915,0
8,0.943863,-0.108365,0.312058,0.982006,0.148860,0.116211,36.738792,0
8,0.947164,-0.080373,0.310516,0.982006,0.148860,0.116211,36.760754,0
8,0.949758,-0.054435,0.308214,0.982006,0.148860,0.116211,36.783024,0
8,0.951902,-0.031964,0.304730,0.982006,0.148860,0.116211,36.805183,0
8,0.953297,-0.014618,0.301682,0.982006,0.148860,0.116211,36.827686,0
8,0.954239,-0.003719,0.299021,0.982006,0.148860,0.116211,36.849476,0
8,0.955067,0.000408,0.296390,0.982006,0.148860,0.116211,36.871716,0
8,0.955916,-0.001388,0.293636,0.982006,0.148860,0.116211,36.894436,0
8,0.956457,-0.006371,0.291805,0.982006,0.148860,0.116211,36.915878,0
8,0.956562,-0.014150,0.291186,0.982006,0.148860,0.116211,36.938931,0
8,0.956438,-0.023895,0.290956,0.982006,0.148860,0.116211,36.961208,0
8,0.956174,-0.033541,0.290872,0.982006,0.148860,0.116211,36.982845,0
8,0.955895,-0.042158,0.290667,0.982006,0.148860,0.116211,37.004936,0
8,0.955772,-0.049688,0.289880,0.982006,0.148860,0.116211,37.027672,0
8,0.955541,-0.056181,0.289455,0.982006,0.148860,0.116211,37.050804,0
8,0.955215,-0.061469,0.289457,0.982006,0.148860,0.116211,37.071323,0
8,0.954797,-0.065160,0.290030,0.982006,0.148860,0.116211,37.093548,0
8,0.954540,-0.067751,0.290282,0.982006,0.148860,0.116211,37.116356,0
8,0.954385,-0.069104,0.290472,0.982006,0.148860,0.116211,37.138905,0
8,0.954420,-0.070239,0.290085,0.982006,0.148860,0.116211,37.159836,0
8,0.954423,-0.070702,0.289962,0.982006,0.148860,0.116211,37.182030,0
8,0.954396,-0.070566,0.290083,0.982006,0.148860,0.116211,37.204407,0
8,0.954293,-0.070448,0.290452,0.982006,0.148860,0.116211,37.227001,0
8,0.954346,-0.069975,0.290390,0.982006,0.148860,0.116211,37.249474,0
8,0.954451,-0.069465,0.290167,0.982006,0.148860,0.116211,37.271374,0
8,0.954634,-0.068465,0.289803,0.982006,0.148860,0.116211,37.293053,0
8,0.954728,-0.067739,0.289664,0.982006,0.148860,0.116211,37.315269,0
9,0.963001,-0.049861,0.264844,0.930006,-0.342087,0.134407,40.581036,0
9,0.962977,-0.049410,0.265016,0.930006,-0.342087,0.134407,40.603527,0
9,0.963014,-0.049122,0.264936,0.930006,-0.342087,0.134407,40.625965,0
9,0.963104,-0.049263,0.264582,0.930006,-0.342087,0.134407,40.648010,0
9,0.963075,-0.049858,0.264578,0.930006,-0.342087,0.134407,40.670780,0
9,0.963085,-0.050132,0.264487,0.930006,-0.342087,0.134407,40.692558,0
9,0.963055,-0.050616,0.264506,0.930006,-0.342087,0.134407,40.726685,0
9,0.963055,-0.050616,0.264506,0.930006,-0.342087,0.134407,40.736012,0
9,0.963047,-0.050419,0.264571,0.930006,-0.342087,0.134407,40.757710,0
9,0.963013,-0.050262,0.264725,0.930006,-0.342087,0.134407,40.780544,0
9,0.962981,-0.050318,0.264831,0.930006,-0.342087,0.134407,40.801189,0
9,0.962939,-0.050334,0.264980,0.930006,-0.342087,0.134407,40.823460,0
9,0.962921,-0.050252,0.265063,0.930006,-0.342087,0.134407,40.845516,0
9,0.962815,-0.050321,0.265433,0.930006,-0.342087,0.134407,40.868008,0
9,0.962893,-0.050012,0.265208,0.930006,-0.342087,0.134407,40.889946,0
9,0.962946,-0.050081,0.265003,0.930006,-0.342087,0.134407,40.912071,0
9,0.963125,-0.049590,0.264444,0.930006,-0.342087,0.134407,40.934597,0
9,0.963298,-0.049466,0.263838,0.930006,-0.342087,0.134407,40.956818,0
9,0.963433,-0.049327,0.263371,0.930006,-0.342087,0.134407,40.979347,0
9,0.963547,-0.049484,0.262923,0.930006,-0.342087,0.134407,41.001167,0
9,0.963546,-0.050168,0.262796,0.930006,-0.342087,0.134407,41.023727,0
9,0.963675,-0.050786,0.262206,0.930006,-0.342087,0.134407,41.045460,0
9,0.963646,-0.051698,0.262133,0.930006,-0.342087,0.134407,41.067818,0
9,0.963490,-0.053211,0.262402,0.930006,-0.342087,0.134407,41.089916,0
9,0.963421,-0.055109,0.262266,0.930006,-0.342087,0.134407,41.112106,0
9,0.963092,-0.057555,0.262948,0.930006,-0.342087,0.134407,41.134285,0
9,0.962530,-0.062061,0.263977,0.930006,-0.342087,0.134407,41.156864,0
9,0.961532,-0.068896,0.265912,0.930006,-0.342087,0.134407,41.179111,0
9,0.960225,-0.079505,0.267670,0.930006,-0.342087,0.134407,41.201157,0
9,0.958316,-0.094319,0.269692,0.930006,-0.342087,0.134407,41.223118,0
9,0.955653,-0.113363,0.271803,0.930006,-0.342087,0.134407,41.245537,0
9,0.952014,-0.136570,0.273894,0.930006,-0.342087,0.134407,41.267757,0
9,0.947113,-0.163076,0.276376,0.930006,-0.342087,0.134407,41.289680,0
9,0.940510,-0.192770,0.279787,0.930006,-0.342087,0.134407,41.311771,0
9,0.932434,-0.223865,0.283638,0.930006,-0.342087,0.134407,41.334175,0
9,0.922744,-0.256437,0.287723,0.930006,-0.342087,0.134407,41.356480,0
9,0.911330,-0.290060,0.292133,0.930006,-0.342087,0.134407,41.379078,0
9,0.899043,-0.321997,0.296714,0.930006,-0.342087,0.134407,41.401348,0
9,0.886206,-0.351638,0.301645,0.930006,-0.342087,0.134407,41.426338,0
9,0.871648,-0.382197,0.306847,0.930006,-0.342087,0.134407,41.449768,0
9,0.861269,-0.402257,0.310492,0.930006,-0.342087,0.134407,41.471085,0
9,0.849864,-0.422397,0.315139,0.930006,-0.342087,0.134407,41.491150,0
9,0.839666,-0.439108,0.319603,0.930006,-0.342087,0.134407,41.513115,0
9,0.831993,-0.450910,0.323215,0.930006,-0.342087,0.134407,41.535706,0
9,0.826224,-0.459436,0.325996,0.930006,-0.342087,0.134407,41.558029,0
9,0.822453,-0.464412,0.328469,0.930006,-0.342087,0.134407,41.581516,0
9,0.821736,-0.465369,0.328909,0.930006,-0.342087,0.134407,41.602692,0
9,0.822950,-0.463806,0.328082,0.930006,-0.342087,0.134407,41.624702,0
9,0.826142,-0.459133,0.326630,0.930006,-0.342087,0.134407,41.647282,0
9,0.830762,-0.452000,0.324854,0.930006,-0.342087,0.134407,41.669483,0
9,0.836153,-0.443753,0.322383,0.930006,-0.342087,0.134407,41.691811,0
9,0.841811,-0.435036,0.319528,0.930006,-0.342087,0.134407,41.713680,0
9,0.847265,-0.426715,0.316318,0.930006,-0.342087,0.134407,41.736870,0
10,0.960315,-0.125299,0.249190,0.993109,0.002766,0.117159,44.856483,0
10,0.958784,-0.130595,0.252347,0.993109,0.002766,0.117159,44.879814,0
10,0.958783,-0.134013,0.250550,0.993109,0.002766,0.117159,44.902122,0
10,0.961502,-0.128633,0.242832,0.993109,0.002766,0.117159,44.924427,0
10,0.961306,-0.120391,0.247783,0.993109,0.002766,0.117159,44.946815,0
10,0.960220,-0.127946,0.248210,0.993109,0.002766,0.117159,44.970421,0
10,0.961221,-0.123081,0.246791,0.993109,0.002766,0.117159,44.995605,0
10,0.963168,-0.116594,0.242309,0.993109,0.002766,0.117159,45.021408,0
10,0.964357,-0.114286,0.238649,0.993109,0.002766,0.117159,45.042953,0
10,0.964921,-0.112001,0.237453,0.993109,0.002766,0.117159,45.067284,0
10,0.966357,-0.108279,0.233300,0.993109,0.002766,0.117159,45.099842,0
10,0.967131,-0.104468,0.231829,0.993109,0.002766,0.117159,45.132790,0
10,0.967448,-0.104139,0.230649,0.993109,0.002766,0.117159,45.166840,0
10,0.967562,-0.103372,0.230515,0.993109,0.002766,0.117159,45.199596,0
10,0.966778,-0.104537,0.233264,0.993109,0.002766,0.117159,45.232933,0
10,0.966407,-0.106452,0.233936,0.993109,0.002766,0.117159,45.266548,0
10,0.966669,-0.108196,0.232046,0.993109,0.002766,0.117159,45.299496,0
10,0.966827,-0.110531,0.230279,0.993109,0.002766,0.117159,45.332642,0
10,0.966710,-0.116286,0.227923,0.993109,0.002766,0.117159,45.366024,0
10,0.963853,-0.137582,0.228165,0.993109,0.002766,0.117159,45.399536,0
10,0.957452,-0.171807,0.231880,0.993109,0.002766,0.117159,45.432747,0
10,0.948503,-0.211356,0.235945,0.993109,0.002766,0.117159,45.466686,0
10,0.935292,-0.259864,0.240208,0.993109,0.002766,0.117159,45.499981,0
10,0.918101,-0.310264,0.246630,0.993109,0.002766,0.117159,45.532715,0
10,0.897482,-0.359992,0.254818,0.993109,0.002766,0.117159,45.566299,0
10,0.877059,-0.401192,0.264222,0.993109,0.002766,0.117159,45.599060,0
10,0.856260,-0.436876,0.275604,0.993109,0.002766,0.117159,45.632465,0
10,0.837288,-0.466720,0.284819,0.993109,0.002766,0.117159,45.665928,0
10,0.820374,-0.492092,0.291260,0.993109,0.002766,0.117159,45.699631,0
10,0.803545,-0.515910,0.296904,0.993109,0.002766,0.117159,45.732784,0
10,0.790672,-0.534539,0.298504,0.993109,0.002766,0.117159,45.765919,0
10,0.781658,-0.547586,0.298598,0.993109,0.002766,0.117159,45.799221,0
10,0.777254,-0.554894,0.296596,0.993109,0.002766,0.117159,45.821617,0
10,0.776264,-0.557620,0.294065,0.993109,0.002766,0.117159,45.844021,0
10,0.776480,-0.558564,0.291693,0.993109,0.002766,0.117159,45.867397,0
10,0.778213,-0.557560,0.288985,0.993109,0.002766,0.117159,45.890106,0
10,0.780972,-0.554972,0.286512,0.993109,0.002766,0.117159,45.916260,0
10,0.783623,-0.552292,0.284445,0.993109,0.002766,0.117159,45.943958,0
10,0.786972,-0.548669,0.282200,0.993109,0.002766,0.117159,45.966507,0
10,0.790355,-0.544660,0.280508,0.993109,0.002766,0.117159,45.990814,0
10,0.793312,-0.541091,0.279063,0.993109,0.002766,0.117159,46.013184,0
10,0.795965,-0.537472,0.278503,0.993109,0.002766,0.117159,46.035549,0
10,0.798462,-0.534407,0.277249,0.993109,0.002766,0.117159,46.058922,0
10,0.801672,-0.530895,0.274722,0.993109,0.002766,0.117159,46.082901,0
10,0.808612,-0.523513,0.268480,0.993109,0.002766,0.117159,46.107128,0
10,0.811713,-0.519993,0.265951,0.993109,0.002766,0.117159,46.128582,0
10,0.814492,-0.516258,0.264727,0.993109,0.002766,0.117159,46.150372,0
10,0.816914,-0.512746,0.264088,0.993109,0.002766,0.117159,46.174366,0
10,0.818754,-0.510012,0.263685,0.993109,0.002766,0.117159,46.198856,0
10,0.820263,-0.508093,0.262698,0.993109,0.002766,0.117159,46.223228,0
10,0.821282,-0.507084,0.261462,0.993109,0.002766,0.117159,46.246746,0
