1,0.998595,0.044267,0.029124,0.991733,0.041245,0.121512,3.143003,0
1,0.998583,0.044566,0.029068,0.991733,0.041245,0.121512,3.176795,0
1,0.998582,0.044754,0.028829,0.991733,0.041245,0.121512,3.209008,0
1,0.998587,0.044271,0.029385,0.991733,0.041245,0.121512,3.242463,0
1,0.998599,0.043585,0.029999,0.991733,0.041245,0.121512,3.276006,0
1,0.998603,0.042939,0.030795,0.991733,0.041245,0.121512,3.309009,0
1,0.998614,0.042472,0.031094,0.991733,0.041245,0.121512,3.342759,0
1,0.998647,0.041390,0.031474,0.991733,0.041245,0.121512,3.376138,0
1,0.998660,0.041050,0.031513,0.991733,0.041245,0.121512,3.409010,0
1,0.998678,0.040608,0.031511,0.991733,0.041245,0.121512,3.442072,0
1,0.998685,0.040473,0.031482,0.991733,0.041245,0.121512,3.475549,0
1,0.998520,0.039637,0.037239,0.991733,0.041245,0.121512,3.509183,0
1,0.997039,0.034784,0.068587,0.991733,0.041245,0.121512,3.542515,0
1,0.995489,0.027749,0.090731,0.991733,0.041245,0.121512,3.576051,0
1,0.994614,0.020347,0.101629,0.991733,0.041245,0.121512,3.609422,0
1,0.993805,0.016007,0.109977,0.991733,0.041245,0.121512,3.642460,0
1,0.993352,0.013881,0.114274,0.991733,0.041245,0.121512,3.675987,0
1,0.993131,0.014149,0.116152,0.991733,0.041245,0.121512,3.709558,0
1,0.992967,0.016000,0.117302,0.991733,0.041245,0.121512,3.742560,0
1,0.993148,0.018821,0.115340,0.991733,0.041245,0.121512,3.775484,0
1,0.993276,0.021035,0.113847,0.991733,0.041245,0.121512,3.808606,0
1,0.993254,0.024292,0.113385,0.991733,0.041245,0.121512,3.843571,0
1,0.993440,0.026308,0.111289,0.991733,0.041245,0.121512,3.875532,0
1,0.993584,0.027970,0.109587,0.991733,0.041245,0.121512,3.908174,0
1,0.993596,0.028809,0.109254,0.991733,0.041245,0.121512,3.941491,0
2,0.998280,0.053199,0.024650,0.923069,-0.353043,0.152659,7.106915,0
2,0.998270,0.053700,0.023932,0.923069,-0.353043,0.152659,7.141085,0
2,0.998252,0.054291,0.023352,0.923069,-0.353043,0.152659,7.173292,0
2,0.998230,0.054834,0.023043,0.923069,-0.353043,0.152659,7.206827,0
2,0.998202,0.055359,0.022975,0.923069,-0.353043,0.152659,7.240260,0
2,0.998206,0.055411,0.022693,0.923069,-0.353043,0.152659,7.273324,0
2,0.998219,0.055426,0.022056,0.923069,-0.353043,0.152659,7.306828,0
2,0.998271,0.054582,0.021797,0.923069,-0.353043,0.152659,7.340288,0
2,0.998329,0.053669,0.021404,0.923069,-0.353043,0.152659,7.373088,0
2,0.998421,0.052153,0.020868,0.923069,-0.353043,0.152659,7.406678,0
2,0.998898,0.040265,0.024110,0.923069,-0.353043,0.152659,7.440854,0
2,0.999395,0.018135,0.029685,0.923069,-0.353043,0.152659,7.472562,0
2,0.999121,-0.006824,0.041358,0.923069,-0.353043,0.152659,7.506367,0
2,0.998305,-0.033045,0.047899,0.923069,-0.353043,0.152659,7.539403,0
2,0.996613,-0.061883,0.054157,0.923069,-0.353043,0.152659,7.573349,0
2,0.993263,-0.096055,0.064825,0.923069,-0.353043,0.152659,7.606293,0
2,0.988646,-0.132413,0.071031,0.923069,-0.353043,0.152659,7.639616,0
2,0.981117,-0.173852,0.084766,0.923069,-0.353043,0.152659,7.672687,0
2,0.971647,-0.214637,0.099163,0.923069,-0.353043,0.152659,7.706013,0
2,0.961405,-0.252991,0.108151,0.923069,-0.353043,0.152659,7.739640,0
2,0.950157,-0.289845,0.114855,0.923069,-0.353043,0.152659,7.772759,0
2,0.938742,-0.322626,0.121146,0.923069,-0.353043,0.152659,7.806645,0
2,0.926670,-0.351724,0.132567,0.923069,-0.353043,0.152659,7.839596,0
2,0.914367,-0.376749,0.148301,0.923069,-0.353043,0.152659,7.873052,0
2,0.906415,-0.393045,0.154683,0.923069,-0.353043,0.152659,7.907265,0
2,0.901984,-0.401864,0.157893,0.923069,-0.353043,0.152659,7.940499,0
2,0.899439,-0.406461,0.160621,0.923069,-0.353043,0.152659,7.973692,0
2,0.899090,-0.407009,0.161182,0.923069,-0.353043,0.152659,8.006959,0
2,0.900195,-0.404418,0.161543,0.923069,-0.353043,0.152659,8.040964,0
2,0.901321,-0.401863,0.161638,0.923069,-0.353043,0.152659,8.074430,0
2,0.902360,-0.399866,0.160789,0.923069,-0.353043,0.152659,8.107272,0
2,0.903486,-0.397630,0.160011,0.923069,-0.353043,0.152659,8.140210,0
2,0.904320,-0.395006,0.161789,0.923069,-0.353043,0.152659,8.173202,0
2,0.905827,-0.391979,0.160714,0.923069,-0.353043,0.152659,8.206607,0
2,0.908370,-0.387304,0.157670,0.923069,-0.353043,0.152659,8.239581,0
2,0.910806,-0.382149,0.156185,0.923069,-0.353043,0.152659,8.272820,0
2,0.912728,-0.377350,0.156636,0.923069,-0.353043,0.152659,8.306114,0
2,0.915392,-0.371930,0.154029,0.923069,-0.353043,0.152659,8.339603,0
2,0.918795,-0.365101,0.150054,0.923069,-0.353043,0.152659,8.374148,0
2,0.921326,-0.360548,0.145476,0.923069,-0.353043,0.152659,8.408189,0
3,0.999599,-0.020065,0.019998,0.923530,-0.366852,0.111861,11.794228,0
3,0.999594,-0.020143,0.020135,0.923530,-0.366852,0.111861,11.828231,0
3,0.999609,-0.019698,0.019865,0.923530,-0.366852,0.111861,11.861649,0
3,0.999600,-0.019210,0.020747,0.923530,-0.366852,0.111861,11.895498,0
3,0.999593,-0.019263,0.021025,0.923530,-0.366852,0.111861,11.927326,0
3,0.999605,-0.018843,0.020859,0.923530,-0.366852,0.111861,11.960196,0
3,0.999631,-0.018055,0.020314,0.923530,-0.366852,0.111861,11.993954,0
3,0.999620,-0.017473,0.021316,0.923530,-0.366852,0.111861,12.027041,0
3,0.999612,-0.017307,0.021816,0.923530,-0.366852,0.111861,12.060064,0
3,0.999603,-0.017549,0.022053,0.923530,-0.366852,0.111861,12.093988,0
3,0.999260,-0.024709,0.029462,0.923530,-0.366852,0.111861,12.127048,0
3,0.998011,-0.048088,0.040751,0.923530,-0.366852,0.111861,12.160243,0
3,0.996292,-0.070150,0.049816,0.923530,-0.366852,0.111861,12.193283,0
3,0.993308,-0.096924,0.062803,0.923530,-0.366852,0.111861,12.226615,0
3,0.989929,-0.122856,0.070333,0.923530,-0.366852,0.111861,12.259540,0
3,0.986227,-0.147551,0.074734,0.923530,-0.366852,0.111861,12.292917,0
3,0.981435,-0.174630,0.079303,0.923530,-0.366852,0.111861,12.326240,0
3,0.975647,-0.202083,0.085292,0.923530,-0.366852,0.111861,12.359506,0
3,0.968210,-0.233049,0.090876,0.923530,-0.366852,0.111861,12.393480,0
3,0.958430,-0.268703,0.095974,0.923530,-0.366852,0.111861,12.426963,0
3,0.948351,-0.300766,0.100844,0.923530,-0.366852,0.111861,12.460854,0
3,0.938427,-0.329227,0.104707,0.923530,-0.366852,0.111861,12.493491,0
3,0.930403,-0.350474,0.107324,0.923530,-0.366852,0.111861,12.526829,0
3,0.922996,-0.367238,0.114955,0.923530,-0.366852,0.111861,12.560697,0
3,0.917819,-0.378268,0.120505,0.923530,-0.366852,0.111861,12.594481,0
3,0.914500,-0.385558,0.122616,0.923530,-0.366852,0.111861,12.627839,0
3,0.912293,-0.390806,0.122442,0.923530,-0.366852,0.111861,12.660623,0
3,0.912368,-0.391215,0.120561,0.923530,-0.366852,0.111861,12.693310,0
3,0.913277,-0.388226,0.123310,0.923530,-0.366852,0.111861,12.726864,0
3,0.914767,-0.384654,0.123462,0.923530,-0.366852,0.111861,12.759778,0
4,0.999737,-0.014000,0.018178,0.989180,0.084132,0.120189,16.058113,0
4,0.999755,-0.013604,0.017478,0.989180,0.084132,0.120189,16.091732,0
4,0.999774,-0.013653,0.016286,0.989180,0.084132,0.120189,16.124577,0
4,0.999755,-0.014151,0.017022,0.989180,0.084132,0.120189,16.157608,0
4,0.999730,-0.015055,0.017693,0.989180,0.084132,0.120189,16.191202,0
4,0.999720,-0.015493,0.017903,0.989180,0.084132,0.120189,16.224373,0
4,0.999721,-0.015363,0.017913,0.989180,0.084132,0.120189,16.257687,0
4,0.999724,-0.015046,0.018049,0.989180,0.084132,0.120189,16.291130,0
4,0.999732,-0.014096,0.018350,0.989180,0.084132,0.120189,16.324572,0
4,0.999728,-0.014212,0.018476,0.989180,0.084132,0.120189,16.357550,0
4,0.999721,-0.014164,0.018915,0.989180,0.084132,0.120189,16.391125,0
4,0.999702,-0.014825,0.019392,0.989180,0.084132,0.120189,16.425137,0
4,0.999645,-0.013580,0.022942,0.989180,0.084132,0.120189,16.458132,0
4,0.998869,0.000865,0.047530,0.989180,0.084132,0.120189,16.491009,0
4,0.997714,0.019025,0.064851,0.989180,0.084132,0.120189,16.524742,0
4,0.996746,0.034977,0.072627,0.989180,0.084132,0.120189,16.558519,0
4,0.995035,0.051554,0.085131,0.989180,0.084132,0.120189,16.591669,0
4,0.993113,0.065577,0.097088,0.989180,0.084132,0.120189,16.625130,0
4,0.992231,0.072382,0.101187,0.989180,0.084132,0.120189,16.658110,0
4,0.992057,0.074794,0.101139,0.989180,0.084132,0.120189,16.691711,0
4,0.992256,0.075284,0.098791,0.989180,0.084132,0.120189,16.725115,0
4,0.992342,0.074375,0.098623,0.989180,0.084132,0.120189,16.758635,0
4,0.992621,0.072822,0.096961,0.989180,0.084132,0.120189,16.791962,0
4,0.992976,0.073875,0.092424,0.989180,0.084132,0.120189,16.824720,0
4,0.993567,0.072004,0.087405,0.989180,0.084132,0.120189,16.858204,0
5,0.999837,-0.012222,0.013263,0.902072,0.408687,0.138716,20.255089,0
5,0.999837,-0.011933,0.013560,0.902072,0.408687,0.138716,20.288864,0
5,0.999835,-0.011794,0.013794,0.902072,0.408687,0.138716,20.322479,0
5,0.999838,-0.011355,0.013944,0.902072,0.408687,0.138716,20.355385,0
5,0.999829,-0.011428,0.014557,0.902072,0.408687,0.138716,20.389145,0
5,0.999815,-0.012087,0.014981,0.902072,0.408687,0.138716,20.421700,0
5,0.999812,-0.012650,0.014708,0.902072,0.408687,0.138716,20.455219,0
5,0.999820,-0.012841,0.013988,0.902072,0.408687,0.138716,20.488338,0
5,0.999817,-0.012955,0.014072,0.902072,0.408687,0.138716,20.521570,0
5,0.999786,-0.008247,0.018952,0.902072,0.408687,0.138716,20.555258,0
5,0.999328,0.018886,0.031401,0.902072,0.408687,0.138716,20.588783,0
5,0.997406,0.054753,0.046717,0.902072,0.408687,0.138716,20.621634,0
5,0.993634,0.093376,0.063032,0.902072,0.408687,0.138716,20.655024,0
5,0.988585,0.130517,0.075269,0.902072,0.408687,0.138716,20.688404,0
5,0.983357,0.161042,0.084116,0.902072,0.408687,0.138716,20.722931,0
5,0.977477,0.189558,0.092768,0.902072,0.408687,0.138716,20.754641,0
5,0.970987,0.216644,0.101237,0.902072,0.408687,0.138716,20.788115,0
5,0.962240,0.247847,0.112544,0.902072,0.408687,0.138716,20.821985,0
5,0.953021,0.277953,0.120390,0.902072,0.408687,0.138716,20.854752,0
5,0.943415,0.307045,0.125265,0.902072,0.408687,0.138716,20.888517,0
5,0.933904,0.332649,0.131027,0.902072,0.408687,0.138716,20.921471,0
5,0.924769,0.355522,0.135668,0.902072,0.408687,0.138716,20.955898,0
5,0.915798,0.376432,0.140049,0.902072,0.408687,0.138716,20.988894,0
5,0.905605,0.398477,0.145244,0.902072,0.408687,0.138716,21.022175,0
5,0.896762,0.417007,0.148061,0.902072,0.408687,0.138716,21.056288,0
5,0.888399,0.433235,0.151838,0.902072,0.408687,0.138716,21.089092,0
5,0.883491,0.443393,0.151153,0.902072,0.408687,0.138716,21.122385,0
5,0.883092,0.445468,0.147334,0.902072,0.408687,0.138716,21.156086,0
5,0.885341,0.442088,0.143975,0.902072,0.408687,0.138716,21.188967,0
5,0.888953,0.435345,0.142256,0.902072,0.408687,0.138716,21.222403,0
6,0.999180,0.027598,0.029625,0.882421,0.455827,0.116428,24.752775,0
6,0.999158,0.027719,0.030238,0.882421,0.455827,0.116428,24.787416,0
6,0.999147,0.027577,0.030733,0.882421,0.455827,0.116428,24.820789,0
6,0.999158,0.027353,0.030567,0.882421,0.455827,0.116428,24.853922,0
6,0.999169,0.026722,0.030783,0.882421,0.455827,0.116428,24.886890,0
6,0.999182,0.026854,0.030228,0.882421,0.455827,0.116428,24.919533,0
6,0.999178,0.027064,0.030175,0.882421,0.455827,0.116428,24.952959,0
6,0.999158,0.027624,0.030333,0.882421,0.455827,0.116428,24.987417,0
6,0.999136,0.028144,0.030579,0.882421,0.455827,0.116428,25.019939,0
6,0.998909,0.033404,0.032643,0.882421,0.455827,0.116428,25.053696,0
6,0.996891,0.066129,0.042849,0.882421,0.455827,0.116428,25.087027,0
6,0.993215,0.104035,0.051958,0.882421,0.455827,0.116428,25.119715,0
6,0.986725,0.150167,0.061830,0.882421,0.455827,0.116428,25.152876,0
6,0.977889,0.195930,0.073103,0.882421,0.455827,0.116428,25.186754,0
6,0.968219,0.236827,0.080398,0.882421,0.455827,0.116428,25.219589,0
6,0.957821,0.274337,0.085552,0.882421,0.455827,0.116428,25.253477,0
6,0.947323,0.307195,0.090614,0.882421,0.455827,0.116428,25.287142,0
6,0.935039,0.340712,0.098072,0.882421,0.455827,0.116428,25.319822,0
6,0.923029,0.370693,0.102981,0.882421,0.455827,0.116428,25.353542,0
6,0.910354,0.400183,0.105397,0.882421,0.455827,0.116428,25.387058,0
6,0.897852,0.426801,0.108178,0.882421,0.455827,0.116428,25.420038,0
6,0.884876,0.451941,0.112889,0.882421,0.455827,0.116428,25.453115,0
6,0.872625,0.474621,0.115152,0.882421,0.455827,0.116428,25.486534,0
6,0.863032,0.492028,0.114387,0.882421,0.455827,0.116428,25.519487,0
6,0.858611,0.499926,0.113404,0.882421,0.455827,0.116428,25.553305,0
6,0.858476,0.500431,0.112190,0.882421,0.455827,0.116428,25.586706,0
6,0.860922,0.496138,0.112522,0.882421,0.455827,0.116428,25.619715,0
6,0.865267,0.488774,0.111411,0.882421,0.455827,0.116428,25.652958,0
7,0.999623,0.027431,0.000871,0.972217,0.176438,0.153828,28.818939,0
7,0.999628,0.027274,0.000602,0.972217,0.176438,0.153828,28.853115,0
7,0.999632,0.027112,0.000424,0.972217,0.176438,0.153828,28.886015,0
7,0.999637,0.026897,0.001553,0.972217,0.176438,0.153828,28.919294,0
7,0.999633,0.027050,0.001089,0.972217,0.176438,0.153828,28.952501,0
7,0.999630,0.027186,0.000969,0.972217,0.176438,0.153828,28.986223,0
7,0.999611,0.027872,0.000753,0.972217,0.176438,0.153828,29.019331,0
7,0.999606,0.028049,0.001381,0.972217,0.176438,0.153828,29.052898,0
7,0.999597,0.028361,0.001522,0.972217,0.176438,0.153828,29.085951,0
7,0.999585,0.028753,0.001921,0.972217,0.176438,0.153828,29.118855,0
7,0.999126,0.039632,0.013260,0.972217,0.176438,0.153828,29.152208,0
7,0.996195,0.077108,0.040624,0.972217,0.176438,0.153828,29.186289,0
7,0.991998,0.106655,0.067565,0.972217,0.176438,0.153828,29.218962,0
7,0.987671,0.130515,0.086436,0.972217,0.176438,0.153828,29.252693,0
7,0.983263,0.149901,0.103552,0.972217,0.176438,0.153828,29.285767,0
7,0.979578,0.159748,0.122096,0.972217,0.176438,0.153828,29.318768,0
7,0.977639,0.163567,0.132170,0.972217,0.176438,0.153828,29.351887,0
7,0.975130,0.167520,0.145114,0.972217,0.176438,0.153828,29.385603,0
7,0.971882,0.172920,0.159828,0.972217,0.176438,0.153828,29.418489,0
7,0.971120,0.174197,0.163038,0.972217,0.176438,0.153828,29.451906,0
7,0.971518,0.173510,0.161391,0.972217,0.176438,0.153828,29.485661,0
7,0.972552,0.170658,0.158171,0.972217,0.176438,0.153828,29.518747,0
7,0.974260,0.165522,0.153034,0.972217,0.176438,0.153828,29.552267,0
8,0.998443,0.055537,0.005130,0.982417,0.137255,0.126559,32.723740,0
8,0.998443,0.055537,0.005130,0.982417,0.137255,0.126559,32.749630,0
8,0.998455,0.055267,0.005703,0.982417,0.137255,0.126559,32.783138,0
8,0.998436,0.055570,0.006195,0.982417,0.137255,0.126559,32.815842,0
8,0.998439,0.055500,0.006352,0.982417,0.137255,0.126559,32.849140,0
8,0.998431,0.055548,0.007045,0.982417,0.137255,0.126559,32.882790,0
8,0.998414,0.055838,0.007261,0.982417,0.137255,0.126559,32.915836,0
8,0.998386,0.056297,0.007539,0.982417,0.137255,0.126559,32.948990,0
8,0.998366,0.056587,0.007996,0.982417,0.137255,0.126559,32.982067,0
8,0.998260,0.057966,0.010823,0.982417,0.137255,0.126559,33.015965,0
8,0.996300,0.075905,0.040308,0.982417,0.137255,0.126559,33.049530,0
8,0.991592,0.102271,0.079291,0.982417,0.137255,0.126559,33.082428,0
8,0.987779,0.119076,0.100566,0.982417,0.137255,0.126559,33.115784,0
8,0.984044,0.132216,0.119068,0.982417,0.137255,0.126559,33.149433,0
8,0.981908,0.140178,0.127303,0.982417,0.137255,0.126559,33.182709,0
8,0.981364,0.141441,0.130071,0.982417,0.137255,0.126559,33.216557,0
8,0.981533,0.138589,0.131858,0.982417,0.137255,0.126559,33.249321,0
8,0.980688,0.137227,0.139353,0.982417,0.137255,0.126559,33.283249,0
8,0.980727,0.135757,0.140515,0.982417,0.137255,0.126559,33.316700,0
8,0.981035,0.137352,0.136764,0.982417,0.137255,0.126559,33.349949,0
8,0.981878,0.137699,0.130208,0.982417,0.137255,0.126559,33.384079,0
8,0.982283,0.136513,0.128389,0.982417,0.137255,0.126559,33.416828,0
8,0.982548,0.136122,0.126770,0.982417,0.137255,0.126559,33.450409,0
8,0.982926,0.135300,0.124705,0.982417,0.137255,0.126559,33.484756,0
8,0.983054,0.134631,0.124413,0.982417,0.137255,0.126559,33.517689,0
8,0.983487,0.133256,0.122456,0.982417,0.137255,0.126559,33.550011,0
8,0.983650,0.132963,0.121468,0.982417,0.137255,0.126559,33.583164,0
8,0.983675,0.132933,0.121291,0.982417,0.137255,0.126559,33.616436,0
8,0.984016,0.132720,0.118736,0.982417,0.137255,0.126559,33.649498,0
8,0.984241,0.132621,0.116969,0.982417,0.137255,0.126559,33.683125,0
8,0.984595,0.132192,0.114446,0.982417,0.137255,0.126559,33.716583,0
8,0.985171,0.131187,0.110582,0.982417,0.137255,0.126559,33.749374,0
8,0.985549,0.129716,0.108940,0.982417,0.137255,0.126559,33.783016,0
8,0.985732,0.128676,0.108510,0.982417,0.137255,0.126559,33.816151,0
8,0.985916,0.127956,0.107693,0.982417,0.137255,0.126559,33.849209,0
8,0.985454,0.130503,0.108858,0.982417,0.137255,0.126559,33.883137,0
9,0.998063,0.062189,0.001906,0.874102,0.465414,0.139048,37.280323,0
9,0.998073,0.062007,0.002481,0.874102,0.465414,0.139048,37.314754,0
9,0.998087,0.061782,0.002286,0.874102,0.465414,0.139048,37.347500,0
9,0.998084,0.061826,0.002530,0.874102,0.465414,0.139048,37.380810,0
9,0.998121,0.061210,0.002661,0.874102,0.465414,0.139048,37.414654,0
9,0.998126,0.061140,0.002478,0.874102,0.465414,0.139048,37.448280,0
9,0.998128,0.061140,0.001642,0.874102,0.465414,0.139048,37.480968,0
9,0.998126,0.061144,0.002331,0.874102,0.465414,0.139048,37.514572,0
9,0.998123,0.061169,0.002932,0.874102,0.465414,0.139048,37.547310,0
9,0.998056,0.062236,0.003273,0.874102,0.465414,0.139048,37.580875,0
9,0.997015,0.076099,0.013062,0.874102,0.465414,0.139048,37.613949,0
9,0.993075,0.113272,0.031175,0.874102,0.465414,0.139048,37.646656,0
9,0.987066,0.151459,0.052545,0.874102,0.465414,0.139048,37.680355,0
9,0.977437,0.196974,0.076275,0.874102,0.465414,0.139048,37.714554,0
9,0.966375,0.239277,0.094159,0.874102,0.465414,0.139048,37.747959,0
9,0.954465,0.278330,0.107369,0.874102,0.465414,0.139048,37.780228,0
9,0.942830,0.313239,0.113808,0.874102,0.465414,0.139048,37.813744,0
9,0.928745,0.349640,0.123225,0.874102,0.465414,0.139048,37.847008,0
9,0.915803,0.381346,0.126014,0.874102,0.465414,0.139048,37.880661,0
9,0.905521,0.405149,0.126041,0.874102,0.465414,0.139048,37.913837,0
9,0.895195,0.427319,0.126588,0.874102,0.465414,0.139048,37.947063,0
9,0.886844,0.444867,0.124902,0.874102,0.465414,0.139048,37.980232,0
9,0.881213,0.456714,0.121969,0.874102,0.465414,0.139048,38.013771,0
10,0.997719,0.063605,0.022630,0.982454,-0.132125,0.131631,41.657394,0
10,0.997713,0.063819,0.022249,0.982454,-0.132125,0.131631,41.691521,0
10,0.997719,0.063720,0.022265,0.982454,-0.132125,0.131631,41.725220,0
10,0.997739,0.063021,0.023355,0.982454,-0.132125,0.131631,41.757542,0
10,0.997769,0.062780,0.022705,0.982454,-0.132125,0.131631,41.790600,0
10,0.997798,0.062391,0.022525,0.982454,-0.132125,0.131631,41.824482,0
10,0.997778,0.062751,0.022393,0.982454,-0.132125,0.131631,41.857384,0
10,0.997726,0.063456,0.022735,0.982454,-0.132125,0.131631,41.891315,0
10,0.997699,0.063737,0.023129,0.982454,-0.132125,0.131631,41.924175,0
10,0.997679,0.063707,0.024033,0.982454,-0.132125,0.131631,41.957134,0
10,0.997959,0.056338,0.030064,0.982454,-0.132125,0.131631,41.990368,0
10,0.998564,0.033572,0.041750,0.982454,-0.132125,0.131631,42.023933,0
10,0.998112,0.004774,0.061241,0.982454,-0.132125,0.131631,42.057392,0
10,0.996789,-0.030162,0.074178,0.982454,-0.132125,0.131631,42.090931,0
10,0.994757,-0.061240,0.081909,0.982454,-0.132125,0.131631,42.124718,0
10,0.992845,-0.082778,0.086063,0.982454,-0.132125,0.131631,42.157204,0
10,0.991091,-0.098363,0.089791,0.982454,-0.132125,0.131631,42.190006,0
10,0.989546,-0.109982,0.093287,0.982454,-0.132125,0.131631,42.223671,0
